prefix,seed,arm,epoch,loss,anchor_loss,paired_loss,balanced_loss,anchor_weight,paired_weight,anchor_norm,paired_norm,gradient_norm,gradient_dot,raw_anchor_slope,raw_paired_slope,nll,total_loss,nll_mean_gradient_norm,mean_gradient_norm,scale_gradient_norm,mean_clipped_from,scale_clipped_from
432,0,DETACHED,1,0.12182083997927559,0.005981883076662482,0.2376597968818887,0.018506384238517103,0.9459400296034084,0.05405997039659156,0.06445017265875401,1.1277475327032442,0.09523774380704703,0.016001195644402808,-0.004794293275261582,-0.08389042556734914,-0.31416869446031703,-0.29566231022179995,0.0,0.09523774380704704,0.2327285268400385,0.09523774380704703,0.2327285268400385
432,0,DETACHED,2,0.12046019634502192,0.005813065825642071,0.23510732686440178,0.0164992950866584,0.9533951298536427,0.04660487014635721,0.05469628228548963,1.1189210266721852,0.07901512222147605,0.009055630302576995,-0.0032742927586766847,-0.066982157873932,-0.3208352162845405,-0.3043359211978821,0.0,0.07901512222147605,0.22799234872694113,0.07901512222147604,0.22799234872694113
432,0,DETACHED,3,0.11906621721789505,0.00567743361120983,0.23245500082458026,0.014798502244930676,0.9597796698068508,0.040220330193149204,0.046893332980695715,1.1190178556023143,0.06574887273800448,0.003517970241459516,-0.0022520347129191985,-0.0537404124426437,-0.32778471105507234,-0.31298620881014166,0.0,0.06574887273800448,0.2252873272073718,0.06574887273800448,0.2252873272073718
432,0,DETACHED,4,0.11768100186515398,0.0055650707617072095,0.22979693296860076,0.013487949412340902,0.9646665796169349,0.03533342038306508,0.041015713207794006,1.1198034988335173,0.054930111482564874,-0.001667843073397711,-0.0015639171145978587,-0.042697778969244274,-0.33476795396749237,-0.3212800045551515,0.0,0.05493011148256487,0.2232148012568398,0.05493011148256487,0.2232148012568398
432,0,DETACHED,5,0.11631680858724547,0.005472412340501876,0.22716120483398905,0.012604969828357494,0.967826260373243,0.03217373962675701,0.037262137284105414,1.1208916153221564,0.04676185922448935,-0.006654895504370892,-0.0011296818280626458,-0.03398223991830334,-0.3417131228623176,-0.32910815303396007,0.0,0.04676185922448935,0.22174333814063285,0.04676185922448934,0.22174333814063285
432,0,DETACHED,6,0.11496304636434668,0.005398537588390219,0.22452755514030315,0.012160365281460193,0.9691422534148493,0.03085774658515072,0.03572848868232484,1.1221165465581293,0.0413596156465669,-0.011491184388520767,-0.0008825421657162532,-0.027717801779714533,-0.34870450724376323,-0.33654414196230303,0.0,0.0413596156465669,0.22083826729062822,0.04135961564656691,0.2208382672906282
432,0,DETACHED,7,0.11361263914864639,0.005340443088362174,0.2218848352089306,0.012083604912417903,0.9688601410638182,0.031139858936181763,0.036101592206564774,1.123235458116997,0.03842417011098468,-0.016082430995439385,-0.0007619349719025328,-0.02370622249355187,-0.35579880360307614,-0.34371519869065825,0.0,0.03842417011098469,0.2205074066579554,0.03842417011098468,0.22050740665795543
432,0,DETACHED,8,0.11225899466327668,0.005293477236413099,0.21922451209014027,0.012231084374535127,0.9675708242010536,0.03242917579894631,0.03767402468610594,1.124058389349839,0.03720763984359464,-0.020287292185249637,-0.0007154041999322324,-0.02134510712380845,-0.36304198693159717,-0.35081090255706204,0.0,0.03720763984359463,0.2207839031256831,0.03720763984359463,0.2207839031256831
432,0,DETACHED,9,0.11089770046643345,0.005252501959474159,0.21654289897339274,0.012455487019970225,0.9659095483642753,0.034090451635724724,0.03968498016141326,1.12442339204407,0.036868974041121286,-0.023982092545677954,-0.0007036483121772765,-0.019936979148442686,-0.37045916388414857,-0.35800367686417833,0.0,0.036868974041121286,0.22171719588876804,0.036868974041121286,0.22171719588876804
432,0,DETACHED,10,0.10952833684407229,0.005213112030267069,0.21384356165787752,0.012654696235474076,0.9643312650742513,0.035668734925748714,0.04158393421586123,1.124253158196475,0.03678168314783263,-0.027084723858133868,-0.0007014665313601473,-0.01896467898292242,-0.3780424473579902,-0.36538775112251615,0.0,0.03678168314783264,0.22335499841385278,0.03678168314783264,0.22335499841385278
432,0,DETACHED,11,0.10815427431842596,0.005172297536846868,0.21113625110000506,0.012777074674313584,0.9630771452678746,0.036922854732125414,0.04307580401643512,1.1235675752387506,0.03660450541301739,-0.029558496680736256,-0.000695629536592801,-0.01814445045287659,-0.3857569495104183,-0.3729798748361047,0.0,0.03660450541301738,0.2257249730153107,0.03660450541301738,0.2257249730153107
432,0,DETACHED,12,0.10678220227577304,0.00512839912658285,0.2084360054249632,0.012806653783889534,0.9622333133663585,0.037766686633641466,0.04405529708005211,1.1224568067593388,0.03621680624975255,-0.03140333378964,-0.00068156913542273,-0.01736526515624658,-0.39354781334809535,-0.38074115956420584,0.0,0.036216806249752556,0.2288225311793604,0.03621680624975255,0.2288225311793604
432,0,DETACHED,13,0.10542092931517598,0.005080689009034621,0.20576116962131732,0.012746801348240484,0.9617994121011854,0.03820058789881459,0.044524861678995026,1.1210294956762403,0.03562522588676492,-0.03264215750531962,-0.0006597824367091136,-0.016611743291029414,-0.40134893927443893,-0.38860213792619847,0.0,0.03562522588676492,0.2326062797330514,0.03562522588676492,0.2326062797330514
432,0,DETACHED,14,0.10408046636364832,0.005028870030336987,0.20313206269695966,0.012608163028522319,0.9617406822365547,0.038259317763445246,0.044529768441227836,1.1193636579014048,0.03488543838341628,-0.03330775930962859,-0.0006327037182065446,-0.01590454146004019,-0.4090887747998806,-0.3964806117713583,0.0,0.03488543838341629,0.2369994832909886,0.03488543838341628,0.23699948329098863
432,0,DETACHED,15,0.1027706101733326,0.004972791942965515,0.20056842840369968,0.012401820922175009,0.9620184319362315,0.0379815680637685,0.044121172289720366,1.117525766974185,0.034051867610645443,-0.03343951871694027,-0.0006026546110136197,-0.015264373574916024,-0.4166987964772968,-0.4042969755551218,0.0,0.034051867610645443,0.24189870382623058,0.03405186761064544,0.24189870382623058
432,0,DETACHED,16,0.1014994292338544,0.0049123622558640175,0.19808649621184476,0.012136025429142236,0.962605432594178,0.03739456740582204,0.04333659419213976,1.1155642087462196,0.03315147109332569,-0.033078980684803735,-0.0005708569671634822,-0.014694915757743194,-0.4241218271880762,-0.41198580175893396,0.0,0.03315147109332569,0.24718712772273188,0.03315147109332569,0.24718712772273188
432,0,DETACHED,17,0.10027251860050203,0.004847547943052267,0.1956974892579518,0.011815321546277433,0.9634908265875312,0.03650917341246883,0.04219210706138199,1.1134655843552166,0.0321756088973536,-0.03226399487609735,-0.0005372494368120528,-0.01417821483137014,-0.43131651409135396,-0.4195011925450765,0.0,0.0321756088973536,0.25274840571872914,0.0321756088973536,0.25274840571872914
432,0,DETACHED,18,0.0990935353945833,0.004778374217592626,0.19340869657157395,0.01144121254763166,0.964677798103236,0.035322201896764154,0.04068622204217698,1.1111735108558511,0.031085134695282866,-0.03103045686082881,-0.0005008333357126104,-0.013678161993525076,-0.43825523238013103,-0.4268140198324994,0.0,0.031085134695282866,0.2584754197310769,0.03108513469528287,0.25847541973107696
432,0,DETACHED,19,0.09796466561809293,0.004704992093912267,0.1912243391422736,0.011013572370559034,0.9661773409757269,0.033822659024273005,0.03880852005608206,1.10860333861035,0.029823926487491503,-0.02941397804018843,-0.00046030193081998764,-0.01314897492969088,-0.4449220289743522,-0.4339084566037931,0.0,0.029823926487491503,0.2642755367239223,0.02982392648749151,0.2642755367239223
432,0,DETACHED,20,0.09688727149085058,0.004627776898476886,0.18914676608322428,0.010532342908110493,0.9680002256910168,0.031999774308983084,0.03655033465228304,1.1056556790327106,0.028335526748784843,-0.027451929608237318,-0.0004147220500687081,-0.012545433420536782,-0.45130906561364575,-0.44077672270553525,0.0,0.02833552674878484,0.270070881936502,0.02833552674878484,0.270070881936502
432,0,DETACHED,21,0.09586244795946693,0.004547409531793873,0.18717748638714,0.009999538120689596,0.9701466008076307,0.029853399192369238,0.03391806391192023,1.1022361037712678,0.02658236036303326,-0.025186666838642797,-0.00036418304299675483,-0.011834864732100252,-0.4574134299086269,-0.4474138917879373,0.0,0.02658236036303326,0.27579648377455196,0.026582360363033262,0.275796483774552
432,0,DETACHED,22,0.09489116456642992,0.004464840357657499,0.18531748877520232,0.009421274252458835,0.9725940762373679,0.02740592376263207,0.03094741662128971,1.0982762099687564,0.02456775134074615,-0.02266676961837174,-0.00031029101486807116,-0.011011750801914346,-0.46323601851650065,-0.45381474426404184,0.0,0.02456775134074615,0.2813994846147789,0.024567751340746152,0.2813994846147789
432,0,DETACHED,23,0.09397407749256691,0.004381121645421806,0.183567033339712,0.00880930805601095,0.9752871954680002,0.02471280453199965,0.027714408293095478,1.0937450463474803,0.022357364974418585,-0.01994302388342133,-0.0002562587568677658,-0.010113214142735607,-0.4687816573753161,-0.45997234931930514,0.0,0.022357364974418585,0.28683922578586807,0.022357364974418585,0.28683922578586807
432,0,DETACHED,24,0.09311113993966232,0.004297318068317398,0.18192496181100723,0.008182658218359713,0.978126489389959,0.02187351061004103,0.02434500173962991,1.0886451429906971,0.02009471505700107,-0.01706636684579798,-0.0002064137806317398,-0.009230287273518463,-0.47406025552293085,-0.4658775973045711,0.0,0.02009471505700107,0.29208833860133393,0.020094715057001073,0.29208833860133393
432,0,DETACHED,25,0.09230089912914176,0.004214533160930271,0.18038726509735326,0.007570192585359112,0.9809524471378475,0.01904755286215251,0.02102890640798067,1.0829925161950829,0.018008831470172546,-0.014095463182324578,-0.0001653077128597563,-0.008513377368425551,-0.47908980790352673,-0.4715196153181676,0.0,0.018008831470172546,0.2971363352377044,0.018008831470172546,0.2971363352377044
432,0,DETACHED,26,0.0915392362642764,0.004133805265927099,0.1789446672626257,0.007012340636862268,0.9835334295703574,0.016466570429642592,0.018028000454323418,1.0767962394414348,0.016402272607895414,-0.011106600771119657,-0.000136769396247792,-0.00816911292649649,-0.48390124017771363,-0.47688889954085134,0.0,0.016402272607895414,0.30199580340305743,0.016402272607895414,0.30199580340305743
432,0,DETACHED,27,0.09081749836044235,0.004055845595655635,0.17757915112522907,0.006556343854181748,0.9855898419471962,0.014410158052803778,0.01564500050771486,1.0700474985187491,0.015575989367180961,-0.00819974412190831,-0.00012307931476201865,-0.008418070220934515,-0.48854501508807013,-0.4819886712338884,0.0,0.015575989367180961,0.3067111002087071,0.01557598936718096,0.3067111002087071
432,0,DETACHED,28,0.09012041326280446,0.003980750864745183,0.17626007566086374,0.006236746942811788,0.9869050097524097,0.013094990247590244,0.014100875414059662,1.0627136274951365,0.015656806570422763,-0.00550109859179282,-0.0001241941167393263,-0.009359899753600178,-0.49309913648378434,-0.48686238954097255,0.0,0.015656806570422763,0.3113696444129464,0.01565680657042276,0.3113696444129464
432,0,DETACHED,29,0.08942517070920432,0.0039078821379744935,0.17494245928043414,0.006043841724842949,0.9875115335006831,0.01248846649931699,0.013338721496019994,1.0547444972682298,0.01640473233046713,-0.0031581326306729086,-0.00013625929100811226,-0.010774551176839519,-0.4976712375825285,-0.49162739585768556,0.0,0.01640473233046713,0.3161054855834528,0.01640473233046713,0.31610548558345286
432,0,DETACHED,30,0.08870355732276927,0.0038360884836228246,0.17357102616191572,0.005915209662103351,0.9877507765524314,0.012249223447568522,0.012973066217908339,1.0461198855465972,0.017217887669356155,-0.0013203185713107435,-0.00015006602010949187,-0.01210099795564646,-0.5023849677585941,-0.49646975809649074,0.0,0.01721788766935616,0.3210806413277771,0.017217887669356155,0.3210806413277771
432,0,DETACHED,31,0.08792811671941536,0.003764347605374368,0.17209188583345636,0.005772292498578227,0.9880712038306939,0.011928796169306035,0.012518352671042338,1.0369046145226875,0.01742108855146693,-0.00010567907774795676,-0.00015357917786765896,-0.012721079395210591,-0.5073490373220463,-0.501576744823468,0.0,0.01742108855146693,0.32644158355024294,0.01742108855146693,0.32644158355024294
432,0,DETACHED,32,0.08708045095268019,0.0036925508980791806,0.1704683510072812,0.005564724091050922,0.9887743114304001,0.01122568856959987,0.011662338926606744,1.027235084095564,0.01659889111049201,0.00043135682652280667,-0.00013932561905830054,-0.012271994915488351,-0.5126221169426775,-0.5070573928516265,0.0,0.01659889111049201,0.3322691668050998,0.01659889111049201,0.3322691668050998
432,0,DETACHED,33,0.0861582038826742,0.0036218912803496392,0.16869451648499875,0.00529270548713821,0.9898783083826457,0.010121691617354331,0.010401576576007732,1.0172504176986963,0.01478061623877797,0.0003213433343292738,-0.00011035023929101844,-0.010792001211707097,-0.5181897690529598,-0.5128970635658215,0.0,0.01478061623877797,0.33854408577423245,0.01478061623877797,0.33854408577423245
432,0,DETACHED,34,0.08517655070261948,0.0035544034890918653,0.1667986979161471,0.005013973639784404,0.9910589821481036,0.008941017851896433,0.009085342077284323,1.007056469490319,0.012519254604967717,-0.000305620517384574,-7.907285978292233e-05,-0.008764759139294294,-0.5239654414094183,-0.5189514677696339,0.0,0.012519254604967717,0.34514319811281663,0.012519254604967719,0.3451431981128166
432,0,DETACHED,35,0.08416240501483717,0.00349205619085722,0.16483275383881713,0.004828618724930393,0.9917158996238536,0.008284100376146315,0.008326112031165468,0.9967452479369154,0.010765560850289787,-0.0012454147429761572,-5.843271266763529e-05,-0.006995165145210766,-0.5298193877773515,-0.5249907690524211,0.0,0.010765560850289787,0.35187481158410006,0.010765560850289787,0.35187481158410006
432,0,DETACHED,36,0.08314116036684077,0.0034360655823840553,0.1628462551512975,0.004805673411355144,0.9914082792782891,0.008591720721710851,0.008548406736386016,0.9864102299875261,0.010230212990624534,-0.002288865993981936,-5.278211813488679e-05,-0.0060905877427486245,-0.5356351145720102,-0.530829441160655,0.0,0.010230212990624534,0.3585571504247735,0.010230212990624534,0.3585571504247735
432,0,DETACHED,37,0.08212453808728606,0.0033864329763172154,0.1608626431982549,0.004901038152348481,0.990382006438327,0.00961799356167303,0.009479509072794346,0.9761220108293883,0.010673196010301431,-0.003273562715456297,-5.751170373338574e-05,-0.005922083038621765,-0.5413581015163365,-0.536457063363988,0.0,0.010673196010301431,0.3650934403730656,0.010673196010301431,0.3650934403730656
432,0,DETACHED,38,0.08111305603476351,0.003342311206548731,0.1588838008629783,0.005010551483915677,0.9892746283898151,0.010725371610184949,0.010471829353734176,0.9658886860982427,0.011297370119975019,-0.004100177306318454,-6.450714895793965e-05,-0.00594993704024692,-0.5469858073033768,-0.541975255819461,0.0,0.011297370119975019,0.371465789996812,0.01129737011997502,0.371465789996812
432,0,DETACHED,39,0.08010649617927271,0.003302780987876711,0.1569102113706687,0.005058006600941513,0.9885733026801454,0.011426697319854602,0.011046123171707108,0.9556481772464704,0.01148125481753739,-0.0047214996324769195,-6.667144046265826e-05,-0.0057680364017423215,-0.5525251274050689,-0.5474671208041274,0.0,0.01148125481753739,0.3776763764895297,0.01148125481753739,0.3776763764895296
432,0,DETACHED,40,0.07910877598709942,0.0032672036822225586,0.1549503482919763,0.005015558842785232,0.9884736358475373,0.01152636415246265,0.01102305349128503,0.9453109079799837,0.0109904518352331,-0.0051193851948885625,-6.10992681858484e-05,-0.005239728241484169,-0.5579676884456648,-0.5529521296028795,0.0,0.0109904518352331,0.38370779305096153,0.0109904518352331,0.38370779305096153
432,0,DETACHED,41,0.07812633484169444,0.003235142768409331,0.15301752691497955,0.004897123681687824,0.988904029517569,0.011095970482431064,0.010489134377388715,0.9348210927899248,0.009955157313526159,-0.005289538032474913,-5.010858191436498e-05,-0.004465817446701606,-0.5632898749444132,-0.5583927512627254,0.0,0.009955157313526159,0.38951836085332947,0.00995515731352616,0.38951836085332947
432,0,DETACHED,42,0.07716608543396651,0.0032060918695630282,0.15112607899837,0.004748031037171612,0.989575856532046,0.01042414346795394,0.009735289567414405,0.9241821682402971,0.008793732585273863,-0.0052489440252512665,-3.907216019412005e-05,-0.0037091648354148025,-0.5684611765658656,-0.563713145528694,0.0,0.008793732585273863,0.3950534769846959,0.008793732585273861,0.3950534769846959
432,0,DETACHED,43,0.07623501268398651,0.003178918850272885,0.14929110651770014,0.00461771281465539,0.9901528134829012,0.009847186517098842,0.009084037729868237,0.9134167917298501,0.007961626167151807,-0.005046945181206187,-3.200894365108574e-05,-0.003218558474311883,-0.5734508876954956,-0.5688331748808402,0.0,0.007961626167151807,0.4002580656284813,0.007961626167151807,0.4002580656284813
432,0,DETACHED,44,0.07534003579085517,0.0031516611369493634,0.14752841044476098,0.004516663698122294,0.9905455513597778,0.009454448640222131,0.008614322144634628,0.9025252347393757,0.007514320632453166,-0.004759979981639309,-2.850197776861378e-05,-0.0029861611562990477,-0.5782327756061505,-0.5737161119080282,0.0,0.007514320632453166,0.4050856531088439,0.007514320632453166,0.4050856531088439
432,0,DETACHED,45,0.0744886609103812,0.0031224384357620453,0.14585488338500036,0.004414915672322523,0.9909447551534611,0.009055244846538834,0.008146599970901896,0.8915088051522132,0.007082443264341543,-0.004467734976310738,-2.5309686706424327e-05,-0.0027697209430946417,-0.5827836525678203,-0.5783687368954977,0.0,0.007082443264341543,0.40949449354886935,0.0070824432643415425,0.40949449354886935
432,0,DETACHED,46,0.07368941598566708,0.0030908311092074452,0.14428800086212673,0.004304202434747953,0.991406546408375,0.008593453591624986,0.00763146773282393,0.8804244985275176,0.006518251148468442,-0.0042254122435814705,-2.1427939016759782e-05,-0.002472090969102209,-0.5870802080694375,-0.5827760056346896,0.0,0.006518251148468442,0.4134389668433619,0.006518251148468442,0.4134389668433619
432,0,DETACHED,47,0.07294933553549901,0.003058185070871709,0.1428404860001263,0.004240400743938626,0.991542450902527,0.008457549097473005,0.0074155613163679945,0.8693823420601147,0.006338591137676485,-0.00405143893964517,-2.026022061590006e-05,-0.002375258904653323,-0.5911067163081175,-0.5868663155641789,0.0,0.006338591137676485,0.41688164875483746,0.006338591137676486,0.41688164875483746
432,0,DETACHED,48,0.0722684501192857,0.003026379173121597,0.1415105210654498,0.004283246098877147,0.990924109370351,0.009075890629648897,0.007862632431174526,0.8584581235163543,0.007114761254588959,-0.003935501416889505,-2.554172778274862e-05,-0.002788697538092662,-0.5948751892451163,-0.5905919431462392,0.0,0.007114761254588959,0.41983107508324186,0.00711476125458896,0.41983107508324186
432,0,DETACHED,49,0.07163620213851331,0.002996213143628493,0.14027619113339812,0.004391463038631143,0.9898364647530274,0.01016353524697263,0.008703138530169956,0.8476070250777463,0.00841844597750378,-0.0038545472487867497,-3.579896033322649e-05,-0.003486495149276891,-0.5984376426115302,-0.5940461795728991,0.0,0.00841844597750378,0.422367631168039,0.00841844597750378,0.422367631168039
432,0,DETACHED,50,0.07103658441206066,0.0029670262964920625,0.13910614252762926,0.0044584101232744,0.9890451483154168,0.01095485168458317,0.009267402961588738,0.8366959408078948,0.009279439347065113,-0.003780337016278472,-4.353087153934426e-05,-0.003930130551974544,-0.6018631803740553,-0.5974047702507809,0.0,0.009279439347065113,0.4246059046533381,0.009279439347065113,0.4246059046533381
432,0,DETACHED,51,0.07045767382253078,0.002937873418876966,0.1379774742261846,0.004418246808269609,0.9890374869257423,0.010962513074257649,0.009151103420972282,0.825612181145689,0.009157615065510081,-0.0036879265445300302,-4.2395720484128436e-05,-0.0038249401902645435,-0.6051994841424546,-0.600781237334185,0.0,0.009157615065510081,0.4266264526777094,0.009157615065510081,0.4266264526777094
432,0,DETACHED,52,0.0698965382725765,0.002908647474124387,0.1368844290710286,0.004288147591368517,0.9897033620494585,0.010296637950541396,0.008472123011369407,0.8143326655093285,0.00823879802295389,-0.0035687201440894835,-3.429198862296928e-05,-0.0032961143816589156,-0.6084546389888323,-0.6041664913974638,0.0,0.008238798022953893,0.4284419351606979,0.00823879802295389,0.4284419351606979
432,0,DETACHED,53,0.0693569768751668,0.002879674197601735,0.13583427955273186,0.004149554296939162,0.9904487693679697,0.00955123063203037,0.007742774910976118,0.8029145329557678,0.007251355594079906,-0.0034376040362119865,-2.654461269377312e-05,-0.002752637852522267,-0.6116071758580917,-0.6074576215611525,0.0,0.007251355594079906,0.4300134714790061,0.007251355594079906,0.4300134714790061
432,0,DETACHED,54,0.0688428816438966,0.002850517392617208,0.13483524589517598,0.004070885614598612,0.9907537164653277,0.009246283534672306,0.007386066036902551,0.7914285073217672,0.006787011764848704,-0.0033313752360439046,-2.3246710020192374e-05,-0.0024909212725016893,-0.6146334853460187,-0.6105625997314201,0.0,0.006787011764848704,0.4312988135951483,0.006787011764848704,0.4312988135951483
432,0,DETACHED,55,0.068354071061162,0.0028199867174480073,0.13388815540487597,0.004037497983015191,0.9907108546815,0.009289145318499954,0.007312640610117885,0.7799116259275441,0.0066646723895081505,-0.0032899488523062204,-2.2417165336172693e-05,-0.0023908474104184342,-0.6175272768573192,-0.613489778874304,0.0,0.0066646723895081505,0.43228691062779523,0.006664672389508151,0.4322869106277953
432,0,DETACHED,56,0.06788903551644856,0.0027875942736964913,0.13299047675920064,0.004013462618521308,0.9905849369735629,0.009415063026437185,0.007303342094202747,0.768404911126748,0.0065407078914004844,-0.003318393216414492,-2.159373624806609e-05,-0.0022719369801615418,-0.6202926762122781,-0.6162792135937568,0.0,0.0065407078914004844,0.4329852944009327,0.0065407078914004844,0.4329852944009327
432,0,DETACHED,57,0.0674475724213729,0.0027542346632511167,0.1321409101794947,0.004010352127682633,0.9902917556276973,0.009708244372302615,0.007421120746970197,0.7569931711040336,0.006583622097794578,-0.0033635196423978555,-2.1884500037615378e-05,-0.0022323335849594333,-0.6229354611814268,-0.6189251090537442,0.0,0.006583622097794578,0.43340443874786194,0.006583622097794579,0.43340443874786194
432,0,DETACHED,58,0.06702800370470852,0.002721047501885672,0.13133495990753136,0.004025621489943293,0.9898566650865652,0.010143334913434724,0.007642088729087871,0.7457677902019545,0.006899925626299964,-0.003328364514347711,-2.4048417981964806e-05,-0.0023468106916894487,-0.6254719734504135,-0.6214463519604702,0.0,0.006899925626299963,0.4335745534483281,0.006899925626299964,0.4335745534483282
432,0,DETACHED,59,0.06662535199149504,0.0026882896351664975,0.1305624143478236,0.003991253515696658,0.9898105743952655,0.010189425604734499,0.00756414724621114,0.7347885171371936,0.007016747586544327,-0.003117205118941729,-2.4870792435894157e-05,-0.0024159726270732477,-0.6279325460463442,-0.6239412925306476,0.0,0.007016747586544326,0.43355249032347476,0.007016747586544327,0.4335524903234748
432,0,DETACHED,60,0.06623523518986033,0.0026558747883908196,0.12981459559132982,0.0038514648576693606,0.9905976557350606,0.009402344264939378,0.006872945936107411,0.7241092157930797,0.006523976257674938,-0.002691894502330703,-2.1483124840994842e-05,-0.002263385864811275,-0.6303434330528038,-0.6264919681951344,0.0,0.006523976257674938,0.43338910019625937,0.006523976257674937,0.43338910019625937
432,0,DETACHED,61,0.06585763977379852,0.002624279499386879,0.12909100004821017,0.003648460520328409,0.991901576821974,0.008098423178026016,0.005827885583202819,0.713804252067495,0.005745776614897866,-0.0021050328891362973,-1.6641746358586797e-05,-0.002038294874358141,-0.6327105139848808,-0.6290620534645524,0.0,0.005745776614897866,0.4330992163703697,0.005745776614897866,0.4330992163703697
432,0,DETACHED,62,0.06549436637385832,0.0025939476034183406,0.1283947851442983,0.0034953496985371643,0.9928346892378526,0.007165310762147399,0.005080290403612559,0.7039315825287523,0.005448067504669057,-0.0014900390699997212,-1.494782558323774e-05,-0.0020711899679376634,-0.6350285409503109,-0.6315331912517738,0.0,0.005448067504669057,0.43267789020454067,0.005448067504669057,0.43267789020454067
432,0,DETACHED,63,0.06514290250592654,0.0025643982905896624,0.12772140672126342,0.003427708790065197,0.9931021801311772,0.00689781986882288,0.004823564612661247,0.6944647184089122,0.005660036648718686,-0.0010114821040481117,-1.6129264191428456e-05,-0.0023221840722194463,-0.6373068530802877,-0.6338791442902225,0.0,0.005660036648718686,0.43214659064336436,0.005660036648718687,0.43214659064336436
432,0,DETACHED,64,0.06479733229969559,0.002534980716276159,0.127059683883115,0.0033981260931010508,0.9930684807522211,0.0069315192477788536,0.004783501261999002,0.6853251301944937,0.005873081565205679,-0.0007727534492435922,-1.7366922694712474e-05,-0.002488133253226686,-0.6395696065559233,-0.6361714804628222,0.0,0.005873081565205679,0.4315531081875619,0.00587308156520568,0.4315531081875619
432,0,DETACHED,65,0.06445382364468283,0.002505897343716885,0.12640174994564876,0.0034350149497574933,0.9925008175291727,0.0074991824708272835,0.005111332702820973,0.6764739897912867,0.006352944203903022,-0.0007463978717817376,-2.03324266061467e-05,-0.002690953328240101,-0.641836286745667,-0.6384012717959094,0.0,0.006352944203903022,0.4309360100208707,0.006352944203903022,0.4309360100208707
432,0,DETACHED,66,0.06410761361927242,0.002477505129229544,0.1257377221093153,0.0035407512738857127,0.991373971499434,0.008626028500566,0.0058112026125991196,0.6678710849219036,0.007254562111087244,-0.0008040171908407553,-2.654329896518403e-05,-0.003050573703771635,-0.6441324321353046,-0.6405916808614188,0.0,0.007254562111087244,0.43034438695099797,0.007254562111087245,0.43034438695099797
432,0,DETACHED,67,0.06375096908120975,0.002449465110899762,0.12505247305151973,0.0036042688538307343,0.9905809509707113,0.009419049029288706,0.006270232256791054,0.6594267226368137,0.007883295951770878,-0.0008044182243842782,-3.136864029250074e-05,-0.0032989718425905784,-0.6464939420828353,-0.6428896732290046,0.0,0.007883295951770878,0.4298457551422595,0.007883295951770878,0.4298457551422595
432,0,DETACHED,68,0.06337966483454903,0.0024214965953479857,0.12433783307375008,0.0035672637924879075,0.9906020207772328,0.009397979222767232,0.006176696509637036,0.6510599671630786,0.00788791985194386,-0.000679747272199471,-3.140478127728449e-05,-0.003310247773263835,-0.6489377228411897,-0.6453704590487017,0.0,0.00788791985194386,0.429472483497612,0.00788791985194386,0.429472483497612
432,0,DETACHED,69,0.0629957176070099,0.0023939610013173993,0.1235974742127024,0.0035000526246104133,0.9908740960225804,0.009125903977419653,0.005919506393120558,0.6427292639388129,0.007751999926630684,-0.0004818480006778972,-3.032348060348966e-05,-0.0032924685056500867,-0.6514499360321148,-0.6479498834075044,0.0,0.007751999926630684,0.42920022037327227,0.007751999926630685,0.42920022037327227
432,0,DETACHED,70,0.06260197847852512,0.0023669277697978995,0.12283702918725235,0.003478690499252227,0.9907714634886723,0.009228536511327684,0.00590907254606461,0.6343953287868491,0.007882638126545162,-0.000350817236420699,-3.135737459336599e-05,-0.003366513409671936,-0.6540101072652016,-0.6505314167659494,0.0,0.007882638126545162,0.4289917956493283,0.007882638126545162,0.4289917956493283
432,0,DETACHED,71,0.0621985483496383,0.0023399316577919194,0.12205716504148467,0.0034878178106039753,0.990411688272706,0.009588311727294017,0.006060604046659978,0.6260218958795687,0.008025046770575885,-0.00040323123346705286,-3.251242712121435e-05,-0.0033583271748771986,-0.656611601497064,-0.6531237836864601,0.0,0.008025046770575885,0.42883494494224206,0.008025046770575885,0.42883494494224206
432,0,DETACHED,72,0.06178595027042955,0.0023128581755008913,0.12125904236535821,0.0035268537411818077,0.989793740976649,0.010206259023351122,0.006368870088305138,0.6176472433312801,0.008190969047708786,-0.0006130177862720247,-3.38918964441634e-05,-0.0032868053704605267,-0.6592541246202483,-0.6557272708790666,0.0,0.008190969047708786,0.42872946998713457,0.008190969047708784,0.42872946998713457
432,0,DETACHED,73,0.06136439801177081,0.0022855681493943987,0.12044322787414721,0.003586768950603553,0.988987588242351,0.01101241175764897,0.006785440669111221,0.6093775596290032,0.008505665057510397,-0.0008135557405058284,-3.6575958551274015e-05,-0.0032847635768932827,-0.6619468355867848,-0.6583600666361813,0.0,0.008505665057510397,0.42869361823972263,0.008505665057510397,0.42869361823972263
432,0,DETACHED,74,0.06093170301003033,0.002257379591114353,0.1196060264289463,0.0035792336318338216,0.9887356686562718,0.011264331343728092,0.006850651726633213,0.6013214197072928,0.008552717742373227,-0.0008355228930422348,-3.699117119953706e-05,-0.003246929557937528,-0.6647123503227879,-0.6611331166909541,0.0,0.008552717742373227,0.4287714663045777,0.008552717742373227,0.4287714663045777
432,0,DETACHED,75,0.060487488623551904,0.0022282427539805413,0.11874673449312327,0.0034949484377192266,0.9891287154096147,0.010871284590385354,0.006523781865650826,0.5935692256728059,0.008305872605739928,-0.0006645192699549827,-3.487287279604054e-05,-0.0031729240077016316,-0.6675633015155131,-0.6640683530777939,0.0,0.008305872605739928,0.42898941432627274,0.008305872605739928,0.42898941432627274
432,0,DETACHED,76,0.06003367406783229,0.0021988148120066046,0.11786853332365797,0.0034352749860092355,0.9893104246304699,0.010689575369530122,0.006333608349600397,0.5861696605504815,0.00829051123554826,-0.0004628965983272034,-3.473761866626702e-05,-0.0032149348393514902,-0.6704973641888587,-0.6670620892028495,0.0,0.00829051123554826,0.4293463754831705,0.008290511235548262,0.4293463754831705
432,0,DETACHED,77,0.059569590294841046,0.0021690777475739157,0.11697010284210818,0.003420403277624369,0.9891000491587942,0.01089995084120577,0.006381936070116302,0.5791194265589946,0.008389526932487488,-0.00043167740456386786,-3.5579900239006624e-05,-0.003228645852459042,-0.6735215695158774,-0.670101166238253,0.0,0.008389526932487486,0.42985847573598907,0.008389526932487488,0.42985847573598907
432,0,DETACHED,78,0.05909432036521263,0.002138898362804566,0.1160497423676207,0.0034311232317438926,0.9886558221894599,0.011344177810540073,0.006568457490837238,0.5724472808497916,0.008410820953321997,-0.0006063357294621706,-3.577681308353423e-05,-0.0031179830874615176,-0.6766496466939914,-0.6732185234622475,0.0,0.008410820953321997,0.4305547508708448,0.008410820953321995,0.4305547508708448
432,0,DETACHED,79,0.05860870605986451,0.002108601931717749,0.11510881018801128,0.0034780316414756607,0.9878811753456954,0.012118824654304491,0.0069464136522517485,0.5662456120104389,0.008643481604539463,-0.0008131777989876531,-3.78131379119905e-05,-0.003082385312897316,-0.6798948957929295,-0.6764168641514539,0.0,0.008643481604539465,0.4314639966309396,0.008643481604539465,0.4314639966309396
432,0,DETACHED,80,0.05811127518159123,0.0020783009705736266,0.11414424939260884,0.0034898570557668727,0.9874042373703259,0.012595762629674009,0.007150952692118801,0.5605759013589466,0.008842871255087224,-0.0008649802771353782,-3.959693966996839e-05,-0.0031040745341543363,-0.683281792699693,-0.6797919356439261,0.0,0.008842871255087224,0.43263528669832485,0.008842871255087224,0.43263528669832485
432,0,DETACHED,81,0.05760074784295524,0.0020483246816566606,0.11315317100425382,0.0034352767649178384,0.9875167274050844,0.012483272594915525,0.007021056833308649,0.5554161390161473,0.008806696801341288,-0.0007538657150935188,-3.9269161928302316e-05,-0.003106473401147405,-0.6868261949075567,-0.6833909181426389,0.0,0.008806696801341288,0.43410033515568824,0.008806696801341288,0.43410033515568824
432,0,DETACHED,82,0.05707835250546067,0.0020190171011008635,0.11213768790982048,0.003378185524975574,0.9876572391049321,0.01234276089506782,0.00688178345973939,0.5506744649554233,0.008761861023637959,-0.0006408290871263726,-3.886480327280307e-05,-0.003109928534231894,-0.6905216859043324,-0.6871435003793568,0.0,0.008761861023637959,0.43584797295145444,0.008761861023637959,0.43584797295145444
432,0,DETACHED,83,0.056545480862572675,0.0019901174111706344,0.11110084431397471,0.003350234411361011,0.9875345253505462,0.012465474649453759,0.006895126100663792,0.5462427442624145,0.008708187464577735,-0.0006863153043392457,-3.839487479757248e-05,-0.003041702424125173,-0.6943570943844222,-0.6910068599730611,0.0,0.008708187464577735,0.4378575044353754,0.008708187464577733,0.4378575044353754
432,0,DETACHED,84,0.05600394750863985,0.0019616638737868564,0.11004623114349285,0.0033494315532472587,0.9871603530965019,0.012839646903498005,0.007050555184828062,0.5420732048234961,0.00863645606981867,-0.000879526233486082,-3.777925906968441e-05,-0.0029046115522688974,-0.6983251982326784,-0.6949757666794311,0.0,0.00863645606981867,0.440115823983967,0.00863645606981867,0.440115823983967
432,0,DETACHED,85,0.055455338477874296,0.0019340752242114209,0.10897660173153717,0.003349429992414805,0.9867776404912629,0.013222359508737121,0.0072113164439883415,0.5381767014225067,0.008589056241952216,-0.0010539180531810959,-3.738019797990726e-05,-0.002789664245578524,-0.7024261017777129,-0.6990766717852981,0.0,0.008589056241952216,0.4426236929287281,0.008589056241952215,0.4426236929287281
432,0,DETACHED,86,0.054899841100626214,0.0019073257552626776,0.10789235644598975,0.00329393843335895,0.9869169007258911,0.013083099274109005,0.007086294872874542,0.5345510285477366,0.008386791180138764,-0.001064216158301897,-3.563535402399057e-05,-0.002688134700561751,-0.7066638298986738,-0.7033698914653149,0.0,0.008386791180138764,0.4453884538281668,0.008386791180138763,0.4453884538281668
432,0,DETACHED,87,0.05433864529627785,0.0018812785790866466,0.10679601201346905,0.003195131685422718,0.9874769437682668,0.012523056231733215,0.006735921913919817,0.5311457093168898,0.008096094419546663,-0.0009275243600902471,-3.318900014013725e-05,-0.002617042662641739,-0.7110279623192493,-0.7078328306338265,0.0,0.008096094419546663,0.4483887456677119,0.008096094419546663,0.4483887456677119
432,0,DETACHED,88,0.053773521258049975,0.001855834934743678,0.10569120758135628,0.0031121814158133424,0.9879005925529304,0.012099407447069532,0.006465270909652841,0.5278808066099305,0.007908129500940731,-0.0007968775923061057,-3.165222932098726e-05,-0.002584362601112167,-0.7154990625883789,-0.7123868811725655,0.0,0.007908129500940731,0.4515849491518239,0.007908129500940731,0.4515849491518239
432,0,DETACHED,89,0.053204708953977525,0.0018307690656169998,0.10457864884233806,0.0030695339441321762,0.98794364534619,0.012056354653809954,0.006403226761984742,0.5247048026423464,0.007812560647993162,-0.0007976298282188991,-3.0890478503550365e-05,-0.0025312835276989454,-0.7200694064694955,-0.7169998725253632,0.0,0.00781256064799316,0.45495957366167533,0.00781256064799316,0.45495957366167533
432,0,DETACHED,90,0.05263152899846731,0.0018060781125845322,0.1034569798843501,0.0030560729894729467,0.9877030616049527,0.012296938395047387,0.0064944395238460215,0.5216402323113539,0.0077860312756581574,-0.0008921384283351072,-3.068851630722889e-05,-0.002464933997308742,-0.7247465509095483,-0.7216904779200753,0.0,0.0077860312756581574,0.4585252338192099,0.0077860312756581574,0.4585252338192099
432,0,DETACHED,91,0.05205333331945864,0.001781792194583383,0.1023248744443339,0.00301034610843415,0.9877808210534165,0.012219178946583522,0.006417133562318451,0.5187518315842865,0.007588477128769694,-0.0009434150152413706,-2.9148665324585555e-05,-0.0023563361084077373,-0.7295437585004527,-0.7265334123920185,0.0,0.007588477128769694,0.4623065982492349,0.007588477128769693,0.4623065982492349
432,0,DETACHED,92,0.05147280978306963,0.001757927138163942,0.10118769242797532,0.002912394529877214,0.9883891167966826,0.011610883203317497,0.006062661610028044,0.5160906926064541,0.007177535481878611,-0.0008843425057210853,-2.606110018723719e-05,-0.0022184796234496107,-0.7344507273940587,-0.7315383328641815,0.0,0.007177535481878611,0.466283767103903,0.007177535481878611,0.466283767103903
432,0,DETACHED,93,0.05089623617386679,0.0017345565617741295,0.10005791578595946,0.0028261451451686475,0.988897973055359,0.011102026944640962,0.005766742550008827,0.5136647611532388,0.006911170597394381,-0.0007868708946174166,-2.4150256309411372e-05,-0.002151151283655675,-0.739427065791594,-0.7366009206464254,0.0,0.006911170597394381,0.4703787889040139,0.00691117059739438,0.4703787889040139
432,0,DETACHED,94,0.05032816509353902,0.0017114420180396536,0.09894488816903839,0.0027692900636503686,0.9891205332374219,0.010879466762578064,0.005625504370847817,0.511449871988385,0.00675287312059144,-0.0007583615751819719,-2.3051435012450873e-05,-0.0020957504801457937,-0.7444380430646811,-0.7416687530010307,0.0,0.006752873120591439,0.4745238241135003,0.00675287312059144,0.4745238241135003
432,0,DETACHED,95,0.049770650411273015,0.0016883722442375955,0.09785292857830843,0.0027270142832625183,0.989199325836676,0.010800674163324083,0.005562333968984795,0.5094364415586436,0.006615184066398152,-0.0007857063563773621,-2.2119232741750364e-05,-0.0020258300348012692,-0.7494663403127471,-0.7467393260294846,0.0,0.006615184066398151,0.47868412856184767,0.006615184066398151,0.47868412856184767
432,0,DETACHED,96,0.049223966973529105,0.0016653996493630552,0.09678253429769515,0.002687120106903586,0.9892582923011921,0.01074170769880784,0.005511959173446263,0.5076242504497223,0.006592509148876473,-0.0007530270063705435,-2.1966546662409824e-05,-0.0020230105908971762,-0.7545075533833946,-0.751820433276491,0.0,0.006592509148876473,0.4828493591351275,0.006592509148876473,0.4828493591351275
432,0,DETACHED,97,0.048686445877449566,0.0016427022982991547,0.09573018945659997,0.0026223403668430567,0.9895880090102132,0.010411990989786726,0.005323535453854503,0.5059653677997534,0.006547691247400246,-0.0006130702703046263,-2.1661671463745128e-05,-0.0020587926321361505,-0.7595652333260544,-0.7569428929592114,0.0,0.006547691247400247,0.48702330882836353,0.006547691247400246,0.48702330882836353
432,0,DETACHED,98,0.04815706089855404,0.0016204676212808154,0.09469365417582726,0.0025532223416427783,0.9899782659765783,0.01002173402342159,0.005105665675093144,0.5043536417821589,0.00647405069661152,-0.00046277049035888635,-2.1168814439047356e-05,-0.002091121772157458,-0.7646318878785456,-0.7620786655369028,0.0,0.00647405069661152,0.49118724765714467,0.006474050696611519,0.49118724765714467
432,0,DETACHED,99,0.04763562518448921,0.001598557623872298,0.09367269274510612,0.002513868599811944,0.990058978292498,0.009941021707501874,0.0050472693347276,0.50267411818812,0.0064548736570686,-0.0004204604268191659,-2.10418746974934e-05,-0.0020956293605754756,-0.7696932142304664,-0.7671793456306545,0.0,0.006454873657068599,0.49530915264841163,0.006454873657068599,0.49530915264841163
432,0,DETACHED,100,0.047121936550295736,0.0015767692700152142,0.09266710383057626,0.002497370362603912,0.9898935370362851,0.01010646296371477,0.005113561501370159,0.5008558879221696,0.0064815927733102964,-0.0004615126864044137,-2.121998139557927e-05,-0.002078424718413381,-0.7747416699221576,-0.7722442995595538,0.0,0.0064815927733102964,0.4993710304207564,0.0064815927733102964,0.4993710304207564
432,0,JOINT,1,0.12182083997927559,0.005981883076662482,0.2376597968818887,0.018506384238517103,0.9459400296034084,0.05405997039659156,0.06445017265875401,1.1277475327032442,0.09523774380704703,0.016001195644402808,-0.004794293275261582,-0.08389042556734914,-0.31416869446031703,-0.29566231022179995,3.0062845400836773,3.077370759504603,0.2327285268400385,3.077370759504603,0.2327285268400385
432,0,JOINT,2,0.12001044726099255,0.005998764164867995,0.2340221303571171,0.01824866455716117,0.9462778723213604,0.05372212767863949,0.06291695419886337,1.1082383391139112,0.09150037135457345,0.012619269521675717,-0.004423815774898289,-0.07792243457023176,-0.32444530285263773,-0.30619663829547655,2.9358913984783372,3.003091746100974,0.22495584021988374,3.003091746100974,0.22495584021988374
432,0,JOINT,3,0.11812593851791606,0.006022277262150665,0.23022959977368146,0.017827676603472932,0.9473460580632236,0.0526539419367765,0.06150087145156463,1.106519398054771,0.0875440858420096,0.008769823241088763,-0.004044966937204309,-0.07277676356231359,-0.33509027677672376,-0.3172626001732508,2.919843433702822,2.9828170237270286,0.2201747090142372,2.9828170237270286,0.2201747090142372
432,0,JOINT,4,0.11615751483689686,0.0060560460293549966,0.22625898364443872,0.01747093730844774,0.9481619482341055,0.05183805176589447,0.06043664866607093,1.1054375809251284,0.08384671815135614,0.004708330631956191,-0.003707316117170919,-0.06780995721542861,-0.3461726273996431,-0.3287016900911954,2.904464776320354,2.963331923372735,0.21699249862358497,2.963331923372735,0.21699249862358497
432,0,JOINT,5,0.1141079421109028,0.006100148417115104,0.22211573580469052,0.01719405400395329,0.9486430321024312,0.05135696789756883,0.05974724984284418,1.1036245824275055,0.08040230365774861,0.00040594601968373887,-0.0034072513130391064,-0.06293722836564539,-0.35766525902737106,-0.34047120502341777,2.8855173387781043,2.940393280784355,0.21559759232662037,2.940393280784355,0.21559759232662037
432,0,JOINT,6,0.11198451705459019,0.006156083160003318,0.21781295094917705,0.017016576656766796,0.9486882064815334,0.05131179351846665,0.05952086919672529,1.1004633199215963,0.07730088967269601,-0.0041245741401263565,-0.0031493105444789964,-0.058226648636242044,-0.3695245582028628,-0.35250798154609597,2.8611026392086365,2.9121806645055393,0.2162117985114984,2.9121806645055397,0.21621179851149844
432,0,JOINT,7,0.1097966578153228,0.006225489706526061,0.21336782592411954,0.016954101815538823,0.9482065699126669,0.05179343008733304,0.05984022722666492,1.0955230519723287,0.07462110093287035,-0.00886514510578709,-0.0029362318724212616,-0.053754971383865244,-0.38169733634146125,-0.36474323452592244,2.8299719089720456,2.8775179838305367,0.21900320739869156,2.8775179838305367,0.21900320739869156
432,0,JOINT,8,0.10755508267251428,0.006310157337575923,0.20880000800745263,0.017020132045149648,0.9471085850863982,0.05289141491360184,0.060783494994829775,1.0884293799891285,0.07242398813490647,-0.013804535781160499,-0.0027690774531869467,-0.04958492853644743,-0.39412294836183304,-0.3771028163166834,2.7910821884003423,2.835419811497197,0.22404721781288647,2.835419811497197,0.22404721781288647
432,0,JOINT,9,0.10527168673905767,0.006412128092522425,0.2041312453855929,0.017226761173817773,0.9453030479330672,0.05469695206693284,0.06242450767316751,1.078854947839791,0.07075582349102717,-0.018934189159762815,-0.0026480325906279496,-0.04576476721926899,-0.4067331271929747,-0.38950636601915695,2.743542653013083,2.7850395527141023,0.2313095218419047,2.7850395527141023,0.2313095218419047
432,0,JOINT,10,0.10295957609665476,0.00653376534331455,0.199385386849995,0.017584275151942667,0.9426994197803761,0.057300580219624045,0.06482958762836652,1.0665653717225683,0.06965059188424941,-0.02424075143948768,-0.0025730391087736494,-0.04233120267920821,-0.41945283049306603,-0.40186855534112337,2.6867100223832665,2.725767244118843,0.24064926673298712,2.725767244118843,0.24064926673298712
432,0,JOINT,11,0.10063284685020832,0.0066778186278746345,0.194587875072542,0.018100953348839578,0.9392095615471829,0.060790438452817126,0.06805293431636143,1.051414798576882,0.069124364542038,-0.029707733727178255,-0.0025437229181682047,-0.03930040558145648,-0.4322021303350297,-0.4141011769861901,2.620187924176687,2.6572233165215113,0.2518387214244887,2.6572233165215113,0.2518387214244887
432,0,JOINT,12,0.09830574959720022,0.006847478232598977,0.18976402096180145,0.018783380156691225,0.9347467334227793,0.0652532665772208,0.07213535774476056,1.0333320238673995,0.0691717848469289,-0.03531759282884645,-0.0025593755227094877,-0.036662806859236396,-0.44490014664020566,-0.42611676648351443,2.5438092249276325,2.5792385502010133,0.2645928978375089,2.579238550201014,0.2645928978375089
432,0,JOINT,13,0.09599187562637863,0.007046386883489179,0.18493736436926808,0.019637033166103615,0.9292226820012782,0.0707773179987218,0.07710636140924221,1.0123155549543406,0.06976776606322854,-0.04105051518950985,-0.002619146774899048,-0.03438630707609809,-0.45746876218991145,-0.43783172902380785,2.4576280878123553,2.4918495808741246,0.2786001008795589,2.4918495808741246,0.2786001008795589
432,0,JOINT,14,0.09370402650486706,0.007278665801393906,0.1801293872083402,0.02066719424606342,0.9225428257649638,0.07745717423503604,0.08298807545530852,0.9884178501402924,0.07087175336990965,-0.04688152074161769,-0.002722261387464824,-0.03242311299973391,-0.46983378937143966,-0.44916659512537627,2.3618908119773274,2.3952761168151464,0.2935452389861872,2.395276116815147,0.2935452389861872
432,0,JOINT,15,0.09145466275030237,0.00754899152807347,0.17536033397253126,0.021880128237793905,0.9145997135773837,0.08540028642261625,0.08980080395071063,0.9617273315208469,0.07243390930727062,-0.05277748677136333,-0.0028682882465663408,-0.030718112534014,-0.48192404888548723,-0.46004392064769334,2.2570130906951382,2.289906447078481,0.30912259083375954,2.2899064470784807,0.30912259083375954
432,0,JOINT,16,0.08925654379076718,0.007862720292737243,0.17065036728879712,0.02328435405215583,0.9052653315899832,0.09473466841001671,0.09757008197550865,0.9323599701699226,0.0744023992744036,-0.05869597331074833,-0.003057510778671371,-0.029216954630742444,-0.49366968257313604,-0.4703853285209802,2.143587686709002,2.1763146503267725,0.32503960940858,2.1763146503267725,0.32503960940858
432,0,JOINT,17,0.08712312032564218,0.008225971700392186,0.16602026895089217,0.02489116627354487,0.8943865851710945,0.10561341482890554,0.10633130044272578,0.9004659952889122,0.07672907028326637,-0.06458427145891159,-0.003291278248213097,-0.02787217057639873,-0.5050016916061377,-0.48011052533259285,2.022428638999308,2.0553142227596455,0.34101736795939835,2.0553142227596455,0.34101736795939835
432,0,JOINT,18,0.08506840363059023,0.008645556484662314,0.16149125077651816,0.02671372358578787,0.8817881839273487,0.11821181607265133,0.11612943194386849,0.866254866022563,0.0793737162092885,-0.07037742052088997,-0.003572392406537251,-0.026647872582384928,-0.515854091055582,-0.4891403674697941,1.8946651473262848,1.9280620993693363,0.35679295022522195,1.9280620993693363,0.35679295022522195
432,0,JOINT,19,0.08310622059967955,0.009128705849845892,0.1570837353495132,0.02876458628487122,0.8672848060560896,0.13271519394391038,0.12701453943414764,0.8300314148356248,0.0823064360625844,-0.07599843282775397,-0.0039054929649523793,-0.025522132078514493,-0.5261687804274809,-0.4974041941426097,1.7618709045291643,1.7961982281300997,0.3721262043939511,1.7961982281300997,0.3721262043939511
432,0,JOINT,20,0.08124891452509928,0.009682429607139154,0.15281539944305939,0.03105110279137626,0.8507075399278518,0.14929246007214816,0.13902993860102647,0.7922290046425764,0.08550654151820723,-0.081359590727657,-0.004297228071485628,-0.024486731074267097,-0.5359025388824352,-0.504851436091059,1.6261824235102873,1.6619723521971035,0.38681123737446005,1.6619723521971037,0.38681123737446005
432,0,JOINT,21,0.07950580605601,0.010312432121283282,0.14869917999073673,0.03356883168381647,0.8319463393671769,0.16805366063282312,0.15219060756859484,0.7534166073858766,0.08896285297387542,-0.08635917232672598,-0.004756550293418856,-0.023547208610181218,-0.5450342158184625,-0.5114653841346459,1.4903265951631728,1.5282790277866865,0.40068966125919475,1.5282790277866865,0.40068966125919475
432,0,JOINT,22,0.07788213811374348,0.011021601037409966,0.144742675190077,0.03629438345249882,0.8110037436116063,0.18899625638839365,0.16645026259115142,0.714256402037647,0.0926798218950511,-0.09086841125242065,-0.005295628691087753,-0.02272412573306895,-0.553567382750868,-0.5172729992983692,1.357506538207861,1.3985502621481538,0.4136572752968148,1.398550262148154,0.4136572752968148
432,0,JOINT,23,0.07637889736152918,0.011807955158169648,0.1409498395648887,0.03917947789387062,0.7880507717426735,0.21194922825732654,0.18166317938163856,0.6754438781683997,0.09667776396308103,-0.0947239620753775,-0.005930195350378515,-0.02204912497617959,-0.5615258529843389,-0.5223463750904682,1.2312753027366952,1.2766187946928997,0.4256589818226437,1.2766187946928997,0.4256589818226437
432,0,JOINT,24,0.07499280948499673,0.012662310871706408,0.13732330809828705,0.04214802108201926,0.763472851442698,0.23652714855730203,0.19756051870616434,0.6376946302743449,0.10096488130163414,-0.09775814303822869,-0.006676011620446057,-0.021549127274460525,-0.5689477212518275,-0.5267997001698081,1.1154971547061385,1.1666095683686977,0.43667989869163565,1.166609568368698,0.43667989869163565
432,0,JOINT,25,0.07371607050838266,0.013566612464170418,0.1338655285525949,0.04509829900997426,0.7378888557680204,0.2621111442319796,0.21375441768709302,0.6017561868445144,0.10548645512422086,-0.09986154740893793,-0.007540019155793098,-0.021226476743823698,-0.5758840225870704,-0.5307857235770961,1.014152697763529,1.072590441184137,0.44674260227310464,1.072590441184137,0.44674260227310464
432,0,JOINT,26,0.07253627144731621,0.01449417314789862,0.1305783697467338,0.04791163184959908,0.7121274068236453,0.2878725931763547,0.22976874710478906,0.5683924969703965,0.1100828392089425,-0.10104245278595714,-0.008508471498347284,-0.021047907608346187,-0.5824012520380187,-0.5344896201884196,0.9306880667085391,0.9977239058094423,0.45591027681411167,0.9977239058094423,0.45591027681411167
432,0,JOINT,27,0.07143754007762725,0.015412745657705486,0.127462334497549,0.05046875760764406,0.6871384151168517,0.31286158488314836,0.24509544420502594,0.5383035285278118,0.11448517110143869,-0.10145173846890125,-0.009537273796500517,-0.020946730176255125,-0.5885804305755393,-0.5381116729678953,0.8668907866976865,0.943042523456373,0.4642839982861753,0.9430425234563731,0.4642839982861753
432,0,JOINT,28,0.07040580243153503,0.01629057264180759,0.12452103222126247,0.052673856317884994,0.6638350810164726,0.3361649189835275,0.25927978142163405,0.5120076634599632,0.11837871628526041,-0.10135504116412576,-0.010554971309958864,-0.020843222594016216,-0.5944982971749,-0.541824440857015,0.8219332078870779,0.9066759209827501,0.47196764245546985,0.90667592098275,0.47196764245546985
432,0,JOINT,29,0.06942596592789298,0.017098832828236203,0.12175309902754974,0.05446106422998748,0.6429937091088566,0.35700629089114333,0.2719494837300175,0.489800352809807,0.12144350700790983,-0.10107648008328174,-0.011468638950465503,-0.020655834043660178,-0.600238117963837,-0.5457770537338495,0.7923686722207618,0.884175152580018,0.4790894837756977,0.884175152580018,0.4790894837756977
432,0,JOINT,30,0.06848415948411506,0.017813917164409936,0.11915440180382017,0.05579749756030353,0.6251884868022215,0.37481151319777856,0.28283993842912314,0.47177919270699986,0.12341571780862529,-0.10093772123474835,-0.012181477845285957,-0.02031879873735493,-0.6058776857155064,-0.5500801881552029,0.7731384016584528,0.8698121845227332,0.48577973970340266,0.8698121845227332,0.48577973970340266
432,0,JOINT,31,0.06756956622417326,0.01841921591115485,0.11671991653719166,0.056681188927961756,0.610766019233514,0.38923398076648597,0.29180705908542426,0.457888685645786,0.12414221786521236,-0.10120184021231661,-0.012616361889152229,-0.019796948645318287,-0.6114789372474836,-0.5547977483195219,0.7590343361572418,0.858117796295006,0.49215037674696804,0.8581177962950057,0.49215037674696804
432,0,JOINT,32,0.06667576713760869,0.018906534631180798,0.11444499964403657,0.05713634164293914,0.5998490554917949,0.4001509445082051,0.29883330902661887,0.44796814959268294,0.12362101924323961,-0.10203397991264787,-0.012738334968459792,-0.019095489600205174,-0.6170808716620819,-0.5599445300191428,0.7459367986521916,0.8450339836044489,0.4982808488443419,0.8450339836044488,0.49828084884434193
432,0,JOINT,33,0.06580134374501169,0.019276833758308853,0.11232585373171453,0.05720761314144357,0.5923570243515117,0.40764297564848834,0.3040254198673618,0.44178755381067303,0.12202077881685905,-0.10348460686373959,-0.012567649112773483,-0.018262390562951494,-0.6226968521302065,-0.5654892389887629,0.7314835240628335,0.8284733926471882,0.5042119849934869,0.8284733926471881,0.5042119849934869
432,0,JOINT,34,0.06494941240134575,0.019539745787332894,0.1103590790153586,0.056954238229138573,0.5880338347357515,0.4119661652642484,0.3075973745504813,0.4390595125586297,0.11967220930608966,-0.10549434779794503,-0.012177392553131116,-0.017381812983372415,-0.6283165623962914,-0.5713623241671528,0.7152141054522404,0.8083923509965986,0.5099485632572588,0.8083923509965986,0.5099485632572588
432,0,JOINT,35,0.06412587970298288,0.01971144957996941,0.10854030982599634,0.056443912985019995,0.586480527800158,0.413519472199842,0.30983432849794823,0.4394274338313824,0.11702586430789245,-0.10791494022297804,-0.011675624567092032,-0.016559139094652883,-0.6339123806734723,-0.5774684676884523,0.698355450345509,0.786534603123251,0.5154700430523866,0.7865346031232509,0.5154700430523866
432,0,JOINT,36,0.06333666198429506,0.019811183525440316,0.10686214044314982,0.05574628838944769,0.5871946026052611,0.4128053973947389,0.3110418872051301,0.44244120475091087,0.11457835227631472,-0.11053780546128078,-0.011178746153411637,-0.015901195688342258,-0.6394492340729733,-0.5837029456835255,0.6833397993223378,0.7659150214155181,0.5207474995416769,0.7659150214155181,0.5207474995416769
432,0,JOINT,37,0.0625848416484263,0.01985779720561035,0.10531188609124226,0.05492723262384602,0.5896107971477982,0.4103892028522018,0.31150007710359645,0.44753567466246685,0.11278194300373556,-0.11312361888608229,-0.010786578815405734,-0.015497199462480472,-0.644896020552384,-0.589968787928538,0.6730795298946525,0.7500570878280634,0.5257629712378846,0.7500570878280632,0.5257629712378846
432,0,JOINT,38,0.061868777079637505,0.019867666798510417,0.10386988736076459,0.054045195117761145,0.5931354184390671,0.4068645815609328,0.31143866759814803,0.4540215904644142,0.11195656250358908,-0.11543027253057024,-0.01056611314883711,-0.015403493515621836,-0.6502359804481815,-0.5961907853304204,0.670058889065396,0.742030364122266,0.5305263770439609,0.7420303641222659,0.5305263770439609
432,0,JOINT,39,0.06118157622036284,0.01985409883361669,0.10250905360710899,0.05314958107439333,0.5971749989819773,0.40282500101802254,0.3110335987296265,0.4610972222064621,0.11222394464463073,-0.11723953810190423,-0.010544826703287052,-0.015632363581918874,-0.6554735699548683,-0.6023239888804749,0.6754387843003742,0.7434658805212377,0.5350855526528197,0.7434658805212379,0.5350855526528197
432,0,JOINT,40,0.06051193758197723,0.019827466188162064,0.1011964089757924,0.05228002940362617,0.6011676924430002,0.3988323075569999,0.31041331996132077,0.4678920331398882,0.11348652728936161,-0.11838198221914563,-0.010711813058234298,-0.016146124113025073,-0.6606358190146775,-0.6083557896110513,0.6885279712881867,0.7539203308169331,0.5395257912272081,0.7539203308169332,0.5395257912272081
432,0,JOINT,41,0.059846155698568965,0.019795557733653248,0.09989675366348469,0.051466133457143064,0.6046179416443019,0.39538205835569806,0.30966597397308143,0.47354097087643987,0.11546287082272329,-0.11875542036640353,-0.01102487506603628,-0.016859230530171524,-0.6657673388506824,-0.6143012053935394,0.7069169846874318,0.7709530353076449,0.5439580300677557,0.7709530353076449,0.5439580300677557
432,0,JOINT,42,0.0591706704244715,0.019764069964033435,0.09857727088490957,0.050728011501460446,0.6071223960499585,0.3928776039500414,0.3088468071813284,0.4772677589739915,0.11776553753683221,-0.11833075703802585,-0.011421685249606415,-0.017650181242072783,-0.6709207181614829,-0.6201927066600225,0.727200235409384,0.7908900537885623,0.5484997893824306,0.7908900537885623,0.5484997893824306
432,0,JOINT,43,0.05847422649268995,0.019736539711431682,0.09721191327394821,0.050076904334437115,0.6083869850782565,0.39161301492174344,0.30798207297100544,0.4784628643417902,0.11999320045559873,-0.11714133949476713,-0.011833231568658098,-0.01838341373620428,-0.676145196312534,-0.6260682919780969,0.7458957320089619,0.8098568519136652,0.5532541202954135,0.8098568519136652,0.5532541202954135
432,0,JOINT,44,0.05774911599699082,0.019713408362882722,0.09578482363109891,0.04951500163150452,0.6082418979120354,0.39175810208796463,0.3070640140344999,0.4767462311089492,0.12180939235212884,-0.1152574452943336,-0.01219706182369952,-0.018937104282100183,-0.681476227150641,-0.6319612255191365,0.760208302200013,0.8246627215538149,0.5582909380442291,0.8246627215538148,0.5582909380442291
432,0,JOINT,45,0.05699194330970197,0.019691848080215818,0.09429203853918812,0.049036237830164225,0.6066445732992214,0.3933554267007786,0.3060512925403347,0.4720015110203105,0.12298563733540413,-0.1127639656855545,-0.012466498223610642,-0.019226208619591928,-0.6869283957208961,-0.637892157890732,0.7684788433059949,0.833333145086545,0.5636349893041913,0.8333331450865448,0.5636349893041913
432,0,JOINT,46,0.056204037018802284,0.01966700486396933,0.09274106917363524,0.04862871228832162,0.6036663938436311,0.39633360615636887,0.3048849144861995,0.46437842768395865,0.1234098691387283,-0.10975379103785424,-0.01261457980447317,-0.019213606371332084,-0.6924935162135468,-0.6438648039252252,0.7703285702749144,0.8352871817538227,0.5692634933184515,0.8352871817538228,0.5692634933184515
432,0,JOINT,47,0.055390970537896426,0.019633377404851035,0.09114856367094182,0.04827674090565809,0.599478586349031,0.4005214136509691,0.30350567322185673,0.4542707224400844,0.12307589526818448,-0.10632975360251962,-0.012634042600518987,-0.01890994523611841,-0.6981441929176877,-0.6498674520120296,0.7665755253431806,0.8312523044284291,0.5751136571377163,0.831252304428429,0.5751136571377163
432,0,JOINT,48,0.054561126697949845,0.019585614006333435,0.08953663938956626,0.047961516629933434,0.5943461519235762,0.4056538480764239,0.3018641935868666,0.4422781213900059,0.12206560437170459,-0.10260770923507613,-0.012534792832767788,-0.018365426386664507,-0.7038417607091874,-0.6558802440792539,0.7589828206403827,0.8229948719651713,0.5810979875864991,0.8229948719651714,0.5810979875864991
432,0,JOINT,49,0.053723742378626295,0.019518958583083182,0.08792852617416941,0.047660990664064144,0.5886243244629443,0.4113756755370557,0.2999266043183729,0.4291554055180504,0.12052722810230974,-0.09871911083793855,-0.012339629973056536,-0.017656382690908107,-0.7095469462548909,-0.6618859555908267,0.7498587274240561,0.8128947709191189,0.5871245405920869,0.8128947709191188,0.5871245405920869
432,0,JOINT,50,0.05288695463719835,0.019429689995715392,0.0863442192786813,0.04735010289431792,0.5827451347593938,0.4172548652406061,0.29767969284779405,0.41574444584053455,0.11864786277305123,-0.0948112645741818,-0.012078449480685144,-0.01686896488611972,-0.7152308516455357,-0.6678807487512177,0.741524451511065,0.8033799895353395,0.5931180107815791,0.8033799895353395,0.5931180107815791
432,0,JOINT,51,0.05205642872471571,0.01931569525103556,0.08479716219839586,0.04700257773642469,0.577179868196199,0.422820131803801,0.29513616853147584,0.40288208162229483,0.11661824270965232,-0.09104154251133255,-0.011781262031184035,-0.01608226939747282,-0.7208824804864795,-0.6738799027500548,0.7357357679296848,0.7963072213060276,0.5990349360947955,0.7963072213060276,0.5990349360947955
432,0,JOINT,52,0.051235295911603605,0.01917723455178348,0.08329335727142373,0.04659516452879872,0.5723707421157502,0.4276292578842497,0.2923392931810966,0.3912886106426092,0.11459426505106651,-0.08756334384302279,-0.011471450771621063,-0.015354241250429822,-0.7265082309133983,-0.6799130663845996,0.7332714889943988,0.792511048805161,0.604864508795354,0.792511048805161,0.604864508795354
432,0,JOINT,53,0.05042584866162538,0.019017668515035457,0.0818340288082153,0.04611376875112942,0.5686458096325605,0.43135419036743944,0.28936412332464884,0.38146307572993887,0.1126719976535446,-0.08450400139268208,-0.011162466020318888,-0.014715261076316924,-0.7321208314000146,-0.6860070626488852,0.7339217411068415,0.7917775418268443,0.6106100583324087,0.7917775418268443,0.6106100583324087
432,0,JOINT,54,0.04963175733156029,0.018843874361316036,0.08041964030180455,0.045559775040671345,0.5661296246777412,0.43387037532225875,0.286312598315057,0.373590945692522,0.11090288466133758,-0.08192693726660866,-0.010862750587559507,-0.014174106514037148,-0.737723819580138,-0.6921640445394667,0.7368686273898756,0.7932662977253425,0.6162637999713114,0.7932662977253426,0.6162637999713114
432,0,JOINT,55,0.048853111008578996,0.0186665343350384,0.0790396876821196,0.04495219467845667,0.5646134268935105,0.43538657310648954,0.28330360212217226,0.36739079137002234,0.10936376325125294,-0.07975601650859279,-0.010591700571382189,-0.01373541750166782,-0.7433268334471383,-0.6983746387686817,0.7411384520670505,0.7960832786376836,0.6218440158212857,0.7960832786376837,0.6218440158212857
432,0,JOINT,56,0.0480812652009575,0.018496847389783487,0.07766568301213152,0.04431245782576348,0.5636958178330376,0.43630418216696243,0.2804448497038895,0.36232884160253587,0.10812029460850643,-0.0778475769042521,-0.010369065847578025,-0.013396614774777429,-0.7489647533976498,-0.7046522955718864,0.7461893236002167,0.7998381161497805,0.6274249739365362,0.7998381161497805,0.6274249739365362
432,0,JOINT,57,0.04731690360492066,0.018339736706820483,0.07629407050302084,0.04365499150873929,0.5631861649735926,0.43681383502640736,0.2777963038269181,0.3581641020748869,0.10715853402542552,-0.07615804393165024,-0.010194632013924468,-0.013143987774315904,-0.7546195693925164,-0.7109645778837771,0.7522437250332229,0.8048132610926105,0.6329739924767279,0.8048132610926105,0.6329739924767279
432,0,JOINT,58,0.04656708478182649,0.018197095138492405,0.07493707442516057,0.042996637182719295,0.5629264875312728,0.43707351246872733,0.2753849569572205,0.35468057916223117,0.10643953595077908,-0.07465027915960254,-0.010062925678894974,-0.012960491187655545,-0.7602444632778582,-0.7172478260951389,0.759489595872666,0.8112351980413472,0.6384093847057866,0.8112351980413472,0.6384093847057866
432,0,JOINT,59,0.04583518583835687,0.01807013664111403,0.0736002350355997,0.04235535737794351,0.562665627488946,0.43733437251105406,0.2732160530668292,0.3515142911274713,0.10588170790924348,-0.07325965339147274,-0.00996234310580719,-0.012817350721152134,-0.7658191528296645,-0.723463795451721,0.7673758794281553,0.818561584164397,0.6437122235384729,0.818561584164397,0.6437122235384729
432,0,JOINT,60,0.045119186110185144,0.01796024694392987,0.07227812527644041,0.041748436433799364,0.562055989296038,0.43794401070396194,0.27127858289116036,0.34815809453959273,0.10533616494484525,-0.07190923958773854,-0.009870642655356057,-0.012667952265692754,-0.7713650432382289,-0.7296166068044295,0.7742361664116321,0.8250503116737978,0.6489550505890368,0.8250503116737979,0.6489550505890368
432,0,JOINT,61,0.044415094778535766,0.01786921251499813,0.07096097704207341,0.041191613453368185,0.5607152795519482,0.4392847204480517,0.2695515480497651,0.3440631203020819,0.10459249510278663,-0.0705361214982297,-0.009755031145725119,-0.012451594060303913,-0.7769282089233234,-0.7357365954699552,0.7775348004032661,0.8279798371912869,0.6542626461363209,0.8279798371912868,0.6542626461363209
432,0,JOINT,62,0.043720330304589924,0.017798952663168718,0.06964170794601113,0.04069659429802483,0.5583251409009468,0.4416748590990532,0.2680143017150689,0.3387992766302678,0.1034315551990646,-0.06911171809919782,-0.00958051664450761,-0.012110816803926252,-0.7825518014733854,-0.7418552071753606,0.7748191683665695,0.82465183761016,0.659747283903879,0.82465183761016,0.659747283903879
432,0,JOINT,63,0.04303526757837495,0.01775116725585016,0.06831936790089974,0.040267326029742895,0.5547368012569975,0.4452631987430025,0.26665980742744216,0.332221501830171,0.10172172037979497,-0.06764448253034927,-0.009326322296969364,-0.011619316873970385,-0.7882531725381716,-0.7479858465084287,0.7649078260892233,0.8136979329499678,0.665453261653613,0.8136979329499678,0.665453261653613
432,0,JOINT,64,0.04236289701647712,0.017727033254660064,0.06699876077829418,0.03989715475511676,0.5500437550150363,0.44995624498496367,0.265504866599429,0.32456332238259405,0.09950756736223486,-0.0661692404139869,-0.009000880268224322,-0.011003020930046872,-0.7940169200264537,-0.754119765271337,0.7485513836474919,0.7958521633487873,0.6713377382385244,0.7958521633487873,0.6713377382385244
432,0,JOINT,65,0.04170667267272141,0.017726980063315023,0.06568636528212779,0.039568819209805046,0.5445763316848721,0.4554236683151278,0.2645930276384337,0.31638913478916775,0.0970323771881963,-0.06473292646706459,-0.008644593673087411,-0.010336838945618378,-0.7998087519074494,-0.7602399326976443,0.7281163165421608,0.7736683954138186,0.6772994111442997,0.7736683954138185,0.6772994111442997
432,0,JOINT,66,0.041067883154918536,0.017750599871762505,0.06438516643807457,0.03925858791834606,0.538797299295143,0.4612027007048571,0.26398851705916626,0.30840300765591466,0.09467155872049168,-0.06338086334847953,-0.008317324569269889,-0.009716664729922204,-0.8056000460575311,-0.7663414581391851,0.7064488427766961,0.750320297052201,0.6832351814993761,0.750320297052201,0.6832351814993761
432,0,JOINT,67,0.04044484892042763,0.017796733285587733,0.06309296455526753,0.038943795156889185,0.5331386016333596,0.4668613983666404,0.2637608718028831,0.3012052460335367,0.09281082165964757,-0.06214245161823222,-0.008078432691563638,-0.009225273975611693,-0.8113831983017379,-0.7724394031448487,0.6856597078531289,0.7282707451886474,0.689084422998759,0.7282707451886475,0.689084422998759
432,0,JOINT,68,0.039834835404397306,0.01786367468794244,0.06180599612085218,0.038609996709622514,0.5278737821497405,0.47212621785025954,0.26396244752008147,0.29513051859814476,0.09174156869462474,-0.06101786654702021,-0.007972090783022691,-0.008913416696994312,-0.8171656303638948,-0.7785556336542723,0.6667296992445028,0.7087970618192626,0.6948322826144825,0.7087970618192626,0.6948322826144825
432,0,JOINT,69,0.03923667223550839,0.017949333020267237,0.06052401145074955,0.038254090553321775,0.523079015941154,0.4769209840588458,0.2646058601044575,0.29021531352586566,0.09160264954408912,-0.05997475018540198,-0.008020820132116703,-0.008797102333477812,-0.8229520067268639,-0.7846979161735421,0.6500217731225179,0.6924791383580814,0.7004836487661312,0.6924791383580814,0.7004836487661312
432,0,JOINT,70,0.03865135302062989,0.01805114139144128,0.05925156464981851,0.03788349004862716,0.5186372593113255,0.4813627406886746,0.2656508909720522,0.286221675217827,0.09232207277507848,-0.058964595289221926,-0.008217077512715413,-0.00885337023519176,-0.8287349726654268,-0.7908514826167997,0.635726978841056,0.6795842071631089,0.7060437577121491,0.6795842071631089,0.7060437577121491
432,0,JOINT,71,0.038080291965015445,0.0181656271574299,0.057994956772601,0.03751202544115826,0.5142675392568179,0.4857324607431822,0.2670070606898431,0.28269278906142936,0.09356097414155927,-0.0579593919630299,-0.008510799548973746,-0.00901077917350244,-0.8345012332917439,-0.7969892078505856,0.6236010013260372,0.6696645030064107,0.7115196385192508,0.6696645030064107,0.7115196385192508
432,0,JOINT,72,0.03752298619332731,0.018287991280502763,0.05675798110615185,0.0371515553478832,0.5096550804179434,0.4903449195820566,0.26855250239398487,0.27912830690834145,0.09476171344620382,-0.056994341336671174,-0.008809666262814994,-0.009156597709745144,-0.8402450478338472,-0.8030934924859641,0.6126508791138798,0.6611704817105021,0.7169307109010038,0.6611704817105021,0.7169307109010038
432,0,JOINT,73,0.03697566957365795,0.01841246820723347,0.05553887094008243,0.03680349427219139,0.5046375433328538,0.4953624566671463,0.2701639630233562,0.27522246945085554,0.09533628612528439,-0.056175614216734795,-0.00900548083693317,-0.00917409800624975,-0.8459807968983326,-0.8091773026261412,0.6015018661246988,0.6519695474098983,0.7223210287874252,0.6519695474098983,0.7223210287874252
432,0,JOINT,74,0.03643396083262798,0.01853382368372868,0.05433409798152729,0.03646150569093252,0.499230596445284,0.500769403554716,0.2717473969808677,0.27091234830681643,0.09492008834888639,-0.055600036448716826,-0.00902370891959933,-0.008995980094035379,-0.851730975489317,-0.8152694697983844,0.5889472882951465,0.6402738523397199,0.7277371680290968,0.6402738523397198,0.7277371680290968
432,0,JOINT,75,0.03589769944849087,0.018648786707933462,0.05314661218904827,0.036118394435960856,0.49360264061887593,0.5063973593811241,0.273255366494401,0.2663512515739684,0.09353137526546791,-0.05528280785966373,-0.008861498540689986,-0.008637602464733416,-0.8574930499347113,-0.8213746554987504,0.5746841673739963,0.6256798775679364,0.7331667615002749,0.6256798775679364,0.7331667615002749
432,0,JOINT,76,0.03537015475810533,0.01875637913867146,0.0519839303775392,0.03576625879202547,0.4880790482851834,0.5119209517148167,0.27468800016618283,0.261894843817916,0.09152945425943966,-0.05517455917957904,-0.008582258372352642,-0.008182553350246462,-0.8632409767308933,-0.8274747179388678,0.5598264777441069,0.6096676254300253,0.7385394035209379,0.6096676254300253,0.7385394035209379
432,0,JOINT,77,0.034854350461672304,0.018857639225115325,0.05085106169822928,0.03539892556653247,0.4829785292486977,0.5170214707513023,0.27607889286372833,0.25790065824185393,0.08943374832640208,-0.05518557697609427,-0.008280280442437282,-0.007735070777706262,-0.8689510466311813,-0.8335521210646488,0.5461293296927521,0.5946192670880032,0.7437835934153155,0.5946192670880032,0.7437835934153155
432,0,JOINT,78,0.03435118189887871,0.01895518846763972,0.0497471753301177,0.035017070224039,0.47837462297791117,0.5216253770220888,0.27746891250733624,0.2544624787362813,0.08769673064329567,-0.055195167258237685,-0.008038382677625727,-0.007371877313013738,-0.8746212500995082,-0.8396041798754692,0.5346595829070734,0.5822190139822554,0.748879371974591,0.5822190139822554,0.748879371974591
432,0,JOINT,79,0.03385996129887201,0.01905180877790806,0.04866811381983596,0.034629343326373345,0.474021673993021,0.5259783260069789,0.2788729929702414,0.2513256467481206,0.08651897503506899,-0.05507634554474272,-0.007895770860077901,-0.007115818914009372,-0.880271181814996,-0.8456418384886226,0.5251803951987607,0.5725830834136963,0.7538687880633526,0.5725830834136962,0.7538687880633526
432,0,JOINT,80,0.03338106739190974,0.019148635354887873,0.0476134994289316,0.0342481972159069,0.4695368359482923,0.5304631640517078,0.2802546306083207,0.24806599483854336,0.08577985908995911,-0.054750444348950024,-0.007835577171099268,-0.0069356222299122635,-0.8859167683332313,-0.8516685711173244,0.51647417525773,0.5644295501372428,0.7588021558394566,0.5644295501372429,0.7588021558394566
432,0,JOINT,81,0.03291781570327976,0.019244510492359833,0.04659112091419969,0.03388347727494727,0.46468807077836966,0.5353119292216304,0.28153320645321517,0.2443904486810505,0.08511853299284677,-0.05424106119536012,-0.007795729129347378,-0.006767236319008587,-0.8915442828107616,-0.8576608055358144,0.5070236392621302,0.5557855176109233,0.7636706093656093,0.5557855176109233,0.7636706093656093
432,0,JOINT,82,0.032473682341731216,0.019336726319418688,0.04561063836404375,0.033536460983657826,0.45955004187722337,0.5404499581227767,0.28261672892945255,0.24031185063988683,0.08412454357068781,-0.05366902697425175,-0.007699856583700708,-0.00654726559287553,-0.8971257143203554,-0.8635892533366976,0.49561241874262235,0.5448092401031783,0.7684222551600254,0.5448092401031783,0.7684222551600254
432,0,JOINT,83,0.03204804788985636,0.019422432553572132,0.04467366322614058,0.03319942890595124,0.4544029742144139,0.5455970257855861,0.2834426799919885,0.23606653027885066,0.08255660217120278,-0.05316583243658426,-0.007499502587804636,-0.006245994974258439,-0.9026572863382885,-0.8694578574323372,0.4817517222455474,0.5305599342953169,0.7730389474617393,0.530559934295317,0.7730389474617393
432,0,JOINT,84,0.03163727949377082,0.019499890811395165,0.043774668176146475,0.03286218801216502,0.44953986601035284,0.5504601339896471,0.2839998810750669,0.23193190678517492,0.08045219539961129,-0.0527903211407988,-0.007199089818285627,-0.0058792229854187535,-0.9081581718780565,-0.8752959838658915,0.4660558814871408,0.5135979341341047,0.7775414942148674,0.5135979341341048,0.7775414942148674
432,0,JOINT,85,0.03123804821759142,0.01956907240608762,0.04290702402909522,0.03251804140459356,0.44515400461537263,0.5548459953846274,0.2843208157068317,0.22811113490990895,0.078061767150683,-0.05252103764395123,-0.006844417243817172,-0.005491289061628039,-0.9136464172298174,-0.8811283758252239,0.45017376540434756,0.4958713798679482,0.7819458606318361,0.4958713798679482,0.7819458606318361
432,0,JOINT,86,0.030848532113862973,0.019631306811204147,0.0420657574165218,0.03216567462604542,0.4412892905043883,0.5587107094956116,0.2844557582273116,0.2246731225920847,0.07568163472293488,-0.05229399069806487,-0.0064897448879725084,-0.005125827854191808,-0.9191302451469572,-0.8869645705209117,0.4359794997228765,0.4796891320819117,0.7862498291753484,0.4796891320819117,0.7862498291753484
432,0,JOINT,87,0.030468810446382052,0.019688576110371843,0.04124904478239226,0.031809224665241734,0.43783000549523476,0.5621699945047653,0.28444263663582714,0.2215300040534049,0.07351161376814411,-0.052034944760658994,-0.006171296269067156,-0.004806337417169807,-0.9246087674487947,-0.892799542783553,0.42458528448262867,0.4665167793465909,0.7904411627759661,0.4665167793465909,0.7904411627759661
432,0,JOINT,88,0.03010087344643061,0.019742938654051197,0.040458808238810026,0.031456853598728504,0.4345438941508149,0.5654561058491852,0.284285745723066,0.21846900885887302,0.07160767674620543,-0.05167348601231574,-0.005900047656876547,-0.004534091431631535,-0.9300768317856114,-0.8986199781868829,0.4158395748137824,0.45636366599444494,0.7945131833722231,0.45636366599444494,0.7945131833722231
432,0,JOINT,89,0.029746986233903594,0.01979620486049977,0.03969776760730742,0.031117297425097404,0.4311455482854672,0.5688544517145327,0.2839536621589145,0.21521385125875397,0.0699091608216821,-0.05114723391678915,-0.005667796856800518,-0.004295730438657434,-0.9355410235564682,-0.9044237261313708,0.40826914289533894,0.4477209491109549,0.7984986810762889,0.4477209491109549,0.7984986810762889
432,0,JOINT,90,0.029407529653946364,0.019849482116143617,0.03896557719174911,0.030794571153128288,0.42744116966901063,0.5725588303309894,0.2833976060463229,0.21156918344934195,0.06827526806444631,-0.05043461722246351,-0.005452811474479217,-0.0040707714057761045,-0.9410293844290382,-0.9102348132759098,0.39960048433532197,0.4381005903488421,0.802480933396976,0.4381005903488421,0.802480933396976
432,0,JOINT,91,0.029081729359936526,0.019902347066479434,0.03826111165339362,0.03048495507502786,0.42356644106153357,0.5764335589384665,0.28257587585253646,0.20763825458934,0.06653232354314184,-0.04960862892641587,-0.005225331432012852,-0.003839601292645975,-0.9465646977219436,-0.9160797426469157,0.3880809856408879,0.42539744466327656,0.8065226168730693,0.42539744466327656,0.8065226168730693
432,0,JOINT,92,0.028768661212706315,0.019952784849959694,0.037584537575452936,0.030179187464087688,0.4200007921310097,0.5799992078689903,0.2814773570850039,0.2038290937965355,0.06458128252745916,-0.04881264267524963,-0.004965159746163686,-0.0035954721974668503,-0.9521481531862741,-0.9219689657221865,0.37349708963392864,0.4090728059542478,0.8106275389167183,0.40907280595424783,0.8106275389167183
432,0,JOINT,93,0.02846674220003542,0.01999769897870874,0.0369357854213621,0.029866648959426714,0.4173515400260293,0.5826484599739707,0.2801452409293864,0.200668251552687,0.06251268628880968,-0.04818103692556327,-0.004681707831723117,-0.0033535109208198345,-0.9577776394239265,-0.9279109904644998,0.3574325241728267,0.39059216802825975,0.8147855475581807,0.39059216802825975,0.8147855475581808
432,0,JOINT,94,0.02817538110570626,0.020032808715648956,0.03631795349576356,0.02954167544785322,0.41610179948689724,0.5838982005131027,0.2786831673355253,0.1985972337525949,0.06071837542251017,-0.04775864540728708,-0.004430071100984239,-0.0031569896179755056,-0.9634480494105273,-0.9339063739626741,0.34305083781139273,0.373365064714746,0.8189740452484787,0.373365064714746,0.8189740452484787
432,0,JOINT,95,0.027888022171022583,0.020050970392084314,0.035725073949960856,0.029204992588563697,0.41597794332044563,0.5840220566795544,0.2772417100607249,0.1974693165004585,0.05978037529815096,-0.047391645484143055,-0.004295532164832601,-0.0030595533421339787,-0.9691387536347263,-0.9399337610461627,0.3356354509558583,0.36363094135258006,0.8230900043752738,0.36363094135258,0.8230900043752738
432,0,JOINT,96,0.027569345930803194,0.020042716484708723,0.03509597537689766,0.028853428418846624,0.4146973756819038,0.5853026243180962,0.2759439629911284,0.1955112321954906,0.05929652004123708,-0.046707174679115365,-0.004239329080898097,-0.0030036404612889048,-0.9748623359053648,-0.9460089074865181,0.3433983042629762,0.3710714477974265,0.8270048014201983,0.3710714477974265,0.8270048014201983
432,0,JOINT,97,0.02722111256456095,0.020009264542045026,0.03443296058707687,0.028489000188589186,0.41209689804403804,0.587903101955962,0.27466659671285726,0.19253045633727567,0.059000376580582395,-0.04569755037669716,-0.004223575150859953,-0.002960559678175751,-0.9806079930996365,-0.9521189929110474,0.36512420322765055,0.3946002382840273,0.8307085561722098,0.3946002382840273,0.8307085561722098
432,0,JOINT,98,0.026888260242494237,0.01996018312527763,0.033816337359710846,0.028125822821370612,0.4106849882053874,0.5893150117946127,0.2731174337229713,0.1903315337337713,0.058621388638715806,-0.0448833909113263,-0.004183823739148643,-0.002915645399449819,-0.9863995993249348,-0.9582737765035642,0.3775546671232312,0.4079929119194487,0.8344741834809787,0.40799291191944875,0.8344741834809787
432,0,JOINT,99,0.026586084420940903,0.019904107390029298,0.03326806145185251,0.0277716524433001,0.411286134562075,0.588713865437925,0.27117188750857946,0.18944557613288507,0.05711461471167726,-0.04463609583072429,-0.003965705307737526,-0.0027705133216429203,-0.9923406447094093,-0.9645689922661091,0.36250195419774395,0.39020296144281785,0.8386594976726945,0.3902029614428178,0.8386594976726945
432,0,JOINT,100,0.026308884493864957,0.019842055951948136,0.03277571303578178,0.027422025733240957,0.41393453281149956,0.5860654671885004,0.2690576585727279,0.19003381437049702,0.05590160759461371,-0.04468923840366425,-0.0037747390999692864,-0.0026660756405368106,-0.9983805102509821,-0.9709584845177411,0.3353040195682701,0.3588166268933055,0.8430908604962958,0.3588166268933055,0.8430908604962958
432,1,DETACHED,1,0.12182083997927559,0.005981883076662482,0.2376597968818887,0.017517383740040676,0.9502088892552952,0.049791110744704804,0.06812502420124501,1.3000915747524144,0.113723165124999,0.04810871461850361,-0.0068053237726410365,-0.12987216083970554,-0.31416869446031703,-0.29665131072027634,0.0,0.113723165124999,0.3102329530723209,0.113723165124999,0.3102329530723209
432,1,DETACHED,2,0.11985846430221367,0.005801160440630497,0.23391576816379683,0.01548647001653791,0.9575419142483798,0.04245808575162026,0.05691066787002471,1.283485792840711,0.09252914417915693,0.03225124341550887,-0.004470635903832811,-0.10082464118392911,-0.3241072920866871,-0.3086208220701492,0.0,0.09252914417915693,0.2960193697761994,0.09252914417915695,0.2960193697761994
432,1,DETACHED,3,0.11787317469546002,0.0056621422618635545,0.23008420712905647,0.013792854312868778,0.9637704427333527,0.0362295572666474,0.04793367694333347,1.275120772509207,0.07429255333100367,0.01791458924167081,-0.002863432636918436,-0.0761723837779425,-0.33425533341443314,-0.3204624791015644,0.0,0.07429255333100367,0.28513605136831227,0.07429255333100367,0.2851360513683122
432,1,DETACHED,4,0.11588545948421815,0.005563226803720107,0.2262076921647162,0.01262014752621081,0.96801677888931,0.03198322111068992,0.041873123434645144,1.267348461524778,0.059400633357203664,0.003915392376100755,-0.001822507274763056,-0.05516072366547235,-0.34451390137614346,-0.33189375384993264,0.0,0.059400633357203664,0.2758045312574977,0.059400633357203664,0.27580453125749776
432,1,DETACHED,5,0.11394153695330214,0.005498896766952961,0.22238417713965133,0.012140869614702603,0.9693756402632028,0.03062435973679723,0.039806412659827414,1.260021991980983,0.049240672216953905,-0.009319485138824,-0.0012506213791998954,-0.03958684885522885,-0.3546398061000223,-0.3424989364853197,0.0,0.0492406722169539,0.26824677436968003,0.049240672216953905,0.26824677436968
432,1,DETACHED,6,0.11207631639924046,0.00545980269942519,0.2186928300990557,0.012292935284162091,0.9679546237838166,0.032045376216183384,0.041493131283642376,1.2533311517493568,0.04363192514133471,-0.021317355012018587,-0.0009833854009070882,-0.02970389360848909,-0.3644400450853569,-0.3521471098011948,0.0,0.04363192514133471,0.26258294861498954,0.04363192514133472,0.26258294861498954
432,1,DETACHED,7,0.11029932741917292,0.00543577920588834,0.2151628756324575,0.01281399971619004,0.9648198986396354,0.03518010136036477,0.0454840630337293,1.2474076932411222,0.04111837180133422,-0.031831485520304174,-0.0008761845096564748,-0.024029500118177418,-0.3738443557814585,-0.3610303560652685,0.0,0.04111837180133422,0.25873862395081115,0.04111837180133423,0.25873862395081115
432,1,DETACHED,8,0.1086010788443641,0.005418919338875682,0.21178323834985252,0.013459325270241192,0.9610378093950542,0.038962190604945754,0.050364735390552286,1.2422919301758628,0.04030566558874215,-0.040874767182583524,-0.0008452043523522339,-0.020847732806190022,-0.3828844227308739,-0.36942509746063273,0.0,0.04030566558874215,0.25653195805242923,0.04030566558874215,0.2565319580524292
432,1,DETACHED,9,0.10696565893908805,0.0054042108429317,0.2085271070352444,0.014091212057862713,0.9572327818390974,0.04276721816090262,0.05530840899397712,1.2379346723280513,0.04033827278031529,-0.04859462042992673,-0.0008499375918639612,-0.019023639143154206,-0.39162968311037716,-0.3775384710525144,0.0,0.04033827278031529,0.2557707793316375,0.04033827278031529,0.2557707793316375
432,1,DETACHED,10,0.10537776836153064,0.005388702470535784,0.2053668342525255,0.014649876385802915,0.95368906673574,0.04631093326426006,0.05993251740503276,1.2342007073141723,0.04076031198013875,-0.05516023350551738,-0.0008710402009770572,-0.01793748166591594,-0.4001473042203664,-0.3854974278345635,0.0,0.04076031198013875,0.25628988504343525,0.04076031198013875,0.25628988504343525
432,1,DETACHED,11,0.10382360744162025,0.0053707918388448805,0.20227642304439564,0.01511543993072519,0.9505110746085884,0.0494889253914116,0.06408853894367472,1.2309191508938735,0.0413365428663597,-0.06072541547933195,-0.0008988373843229678,-0.017263557074922123,-0.40850006494173724,-0.39338462501101207,0.0,0.0413365428663597,0.2579543115339989,0.0413365428663597,0.2579543115339989
432,1,DETACHED,12,0.10229121609066019,0.00534974062372801,0.19923269155759238,0.015486560368598997,0.9477168069907872,0.05228319300921291,0.06773888335464358,1.2278760065528493,0.04194685318919437,-0.06541964645494655,-0.0009283039403209241,-0.01682699918658158,-0.41674411561636443,-0.4012575552477654,0.0,0.04194685318919437,0.26065708651154357,0.04194685318919437,0.26065708651154357
432,1,DETACHED,13,0.1007714544297337,0.005325230560685799,0.19621767829878162,0.01576901802947346,0.9452896770273672,0.05471032297263287,0.07088824306794993,1.224813175170973,0.042529119401080576,-0.0693381246030998,-0.0009567046171070184,-0.016530024854140655,-0.42492411534288016,-0.4091550973134067,0.0,0.042529119401080576,0.2643131675377946,0.04252911940108058,0.2643131675377946
432,1,DETACHED,14,0.09925885891102927,0.0052970116504172104,0.19322070617164133,0.015969865348532872,0.9432064502280725,0.05679354977192761,0.07354771349072439,1.2214534580521428,0.04304812207286937,-0.07253803474632116,-0.0009823622461193756,-0.01631471198263299,-0.43306842839439796,-0.41709856304586507,0.0,0.043048122072869364,0.26884974466861083,0.04304812207286937,0.26884974466861083
432,1,DETACHED,15,0.09775148776809078,0.0052647583355491245,0.19023821720063244,0.016095327395122944,0.9414479832618935,0.05855201673810654,0.07572333925295949,1.2175427764413542,0.043480411492439724,-0.07504818230354265,-0.0010040630056912926,-0.016144159406224923,-0.4411884832952376,-0.42509315590011465,0.0,0.043480411492439724,0.27419601932298804,0.043480411492439724,0.27419601932298804
432,1,DETACHED,16,0.09624974141962143,0.005228092750648974,0.1872713900885939,0.016150586090434904,0.9400005740419576,0.05999942595804243,0.07741658873299273,1.2128722348155878,0.04380752498859394,-0.07688298741963337,-0.0010207968476945964,-0.0159926467210562,-0.4492834542530152,-0.4331328681625803,0.0,0.04380752498859394,0.28027758875107445,0.04380752498859394,0.28027758875107445
432,1,DETACHED,17,0.09475500062219563,0.005186623457632464,0.1843233777867588,0.016139881529648643,0.9388553280814061,0.061144671918593865,0.07862460365498358,1.207253645224362,0.04401189847310815,-0.07804836972100568,-0.001031600476276587,-0.015839869169517372,-0.4573459378084108,-0.4412060562787622,0.0,0.04401189847310815,0.28701514076470885,0.04401189847310815,0.28701514076470885
432,1,DETACHED,18,0.09326915122588893,0.005139918299282764,0.1813983841524951,0.01606649269709024,0.9380082293073678,0.06199177069263217,0.07934150823210363,1.2005301157854615,0.044072645934352284,-0.07854990529204753,-0.001035384370289086,-0.015666580402143897,-0.4653638482117334,-0.4492973555146431,0.0,0.04407264593435229,0.29432385822400753,0.044072645934352284,0.29432385822400753
432,1,DETACHED,19,0.09179458412719857,0.005087491583873746,0.17850167667052338,0.0159325212816262,0.937461692119745,0.06253830788025518,0.07955879646290973,1.1926022062819108,0.043962936976996346,-0.0783987120812121,-0.0010308366965231025,-0.015452447413064448,-0.47332023314523164,-0.45738771186360544,0.0,0.043962936976996346,0.3021124302934375,0.04396293697699634,0.3021124302934375
432,1,DETACHED,20,0.09033407498000155,0.005028820966352792,0.1756393289936503,0.015738793138908386,0.9372256006010954,0.06277439939890461,0.0792644656866064,1.183423293106822,0.04365078441285565,-0.07761041187072587,-0.0010165060464820685,-0.01517649709198849,-0.4811949713669109,-0.46545617822800256,0.0,0.04365078441285565,0.3102848020995308,0.04365078441285565,0.3102848020995308
432,1,DETACHED,21,0.08889061918000109,0.004963363017591767,0.17281787534241042,0.015484899197403779,0.9373175255518209,0.06268247444817912,0.07844249536075142,1.1729837773145786,0.04310154277173851,-0.0762021059349214,-0.0009909891465063076,-0.014818679428807784,-0.4889675978251598,-0.47348269862775605,0.0,0.04310154277173851,0.31874477297611864,0.04310154277173851,0.31874477297611864
432,1,DETACHED,22,0.08746757239130958,0.004890556739113049,0.1700445880435061,0.01516931096173943,0.9377626198922039,0.06223738010779618,0.07707321992984342,1.1613018497847127,0.04228100407039755,-0.07419029517644811,-0.0009531640882670661,-0.014361813608675974,-0.49661741810347576,-0.48144810714173636,0.0,0.04228100407039755,0.32739784734374816,0.042281004070397546,0.32739784734374816
432,1,DETACHED,23,0.08606869989040206,0.004809873311258297,0.16732752646954582,0.014789687239788567,0.938592431439985,0.06140756856001495,0.07513547849959638,1.148418559894952,0.04115928528004739,-0.07159072216160708,-0.0009024613389249594,-0.013793794514992562,-0.5041229783733617,-0.48933329113357316,0.0,0.04115928528004739,0.3361511931854747,0.041159285280047385,0.3361511931854747
432,1,DETACHED,24,0.08469802237685935,0.0047209718713742705,0.16467507288234443,0.014343480963963033,0.9398420607426075,0.060157939257392476,0.07261100193160545,1.1343951360434863,0.03971531511321517,-0.06842072391027593,-0.000839133680235423,-0.01310970982394607,-0.511463026394418,-0.49711954543045495,0.0,0.039715315113215174,0.34491521689398136,0.039715315113215174,0.34491521689398136
432,1,DETACHED,25,0.08335963461219317,0.0046239437862715125,0.16209532543811483,0.013829058226244587,0.941544207313016,0.05845579268698391,0.0694923468277448,1.119309372102984,0.03794332164588418,-0.0647044986564899,-0.0007645395969413018,-0.012314396840294624,-0.518618261814086,-0.5047892035878414,0.0,0.03794332164588418,0.3536066329501312,0.037943321645884175,0.3536066329501312
432,1,DETACHED,26,0.08205741794403329,0.00451957436727537,0.1595952615207912,0.013247152163547849,0.9437205279791364,0.056279472020863516,0.06579306978956252,1.1032489881240617,0.035860458217856966,-0.06047992616851258,-0.000681331191527866,-0.011424880310870189,-0.5255738950718276,-0.5123267429082797,0.0,0.03586045821785696,0.3621531677589444,0.035860458217856966,0.3621531677589444
432,1,DETACHED,27,0.08079489164761836,0.004409492780393633,0.15718029051484309,0.012601960691993194,0.9463741236342829,0.0536258763657171,0.06155511279089953,1.0863070194958853,0.03351108374904159,-0.055803814190268045,-0.0005933133134086241,-0.010470623606938448,-0.5323203899573616,-0.5197184292653685,0.0,0.03351108374904159,0.3704955404651743,0.03351108374904159,0.3704955404651743
432,1,DETACHED,28,0.07957519617131875,0.00429612099376472,0.15485427134887278,0.011901457706000476,0.9494857190109088,0.0505142809890911,0.05685013879932911,1.0685769223441577,0.030964364695263286,-0.05075354058055709,-0.0005049006329342446,-0.009490305139533948,-0.5388523033718889,-0.5269508456658885,0.0,0.030964364695263286,0.37858593768766463,0.030964364695263286,0.37858593768766463
432,1,DETACHED,29,0.07840080917987349,0.004182338004709703,0.15261928035503727,0.0111566023649523,0.9530153056926854,0.046984694307314445,0.05177282565086643,1.0501354960726736,0.02830459243905754,-0.04542250994285423,-0.0004203237599415305,-0.008525648245160897,-0.5451691335032487,-0.5340125311382964,0.0,0.02830459243905754,0.38638964623716565,0.028304592439057544,0.38638964623716565
432,1,DETACHED,30,0.07727383712141506,0.004070879811853976,0.15047679443097614,0.01037887150540889,0.9569143657210484,0.04308563427895162,0.04642334336166653,1.0310435232302326,0.02560885517402098,-0.03991123506221763,-0.0003426709258512473,-0.007610581511670607,-0.551271198323113,-0.5408923268177042,0.0,0.025608855174020978,0.3938779814999618,0.02560885517402098,0.3938779814999617
432,1,DETACHED,31,0.0761967703463291,0.003963869471994728,0.14842967122066347,0.009577672057925951,0.9611409584968925,0.03885904150310753,0.04088971819200116,1.0113677902370535,0.022923432998315348,-0.034319769911393905,-0.00027336457560296124,-0.00676140944426319,-0.5571533791866062,-0.5475757071286803,0.0,0.022923432998315344,0.4010167150345931,0.022923432998315348,0.40101671503459313
432,1,DETACHED,32,0.07517318169307459,0.0038627018518923913,0.1464836615342568,0.008759606184250167,0.9656649040697536,0.034335095930246334,0.0352433074648763,0.9912080977234199,0.020257216026283158,-0.02874524506731194,-0.00021247267007741527,-0.005975734012352286,-0.5628019185343542,-0.554042312350104,0.0,0.020257216026283158,0.40775940508962893,0.020257216026283158,0.407759405089629
432,1,DETACHED,33,0.07420808966499193,0.003768261225633448,0.1446479181043504,0.007930698649647468,0.9704539497310285,0.029546050268971454,0.029554158249993898,0.9707202601899881,0.017606013013598144,-0.023283546642935863,-0.0001597044838247601,-0.005245569059369537,-0.5681941092856572,-0.5602634106360097,0.0,0.017606013013598144,0.41404565415112277,0.017606013013598144,0.4140456541511228
432,1,DETACHED,34,0.07330762331922154,0.0036812743310398245,0.14293397230740326,0.00710211527704498,0.9754342932257887,0.024565706774211327,0.02392829404451709,0.9501244480339895,0.01501302063696528,-0.018031814882081713,-0.00011553355782713552,-0.004587508731532952,-0.5733013469943804,-0.5661992317173354,0.0,0.01501302063696528,0.41980548764376907,0.01501302063696528,0.41980548764376907
432,1,DETACHED,35,0.07247780915571442,0.0036024924437804977,0.14135312586764834,0.0063002752231689566,0.9804154600793218,0.019584539920678275,0.018571300727624078,0.9296920132354284,0.01266198058399062,-0.01309065450088806,-8.176419020176613e-05,-0.004093171270775576,-0.5780958844392192,-0.5717956092160502,0.0,0.012661980583990618,0.424970974014552,0.01266198058399062,0.42497097401455197
432,1,DETACHED,36,0.07172235838618747,0.003532537028797822,0.13991217974357711,0.005584493192542355,0.984954087553698,0.015045912446302113,0.013896413905451616,0.9097041955655272,0.010990300037295734,-0.008566372946675439,-6.131590113493363e-05,-0.004013937185294094,-0.5825615107397721,-0.5769770175472297,0.0,0.010990300037295732,0.4294956124710777,0.010990300037295732,0.4294956124710777
432,1,DETACHED,37,0.07103874128083942,0.0034714896494380428,0.1386059929122408,0.005070890706210816,0.9881643768382207,0.011835623161779336,0.01066424818531344,0.8903654685896675,0.010727767721974193,-0.004575040924190475,-5.823170870865788e-05,-0.004861805699773977,-0.5867111061217078,-0.581640215415497,0.0,0.010727767721974193,0.43338634191786035,0.010727767721974193,0.43338634191786035
432,1,DETACHED,38,0.07041142550003383,0.0034184650949598645,0.1374043859051078,0.0048895844868072705,0.9890203434588332,0.01097965654116686,0.00967662527157965,0.8716465049464144,0.012488500462345332,-0.0012534033636091154,-7.884703526550426e-05,-0.00710234619877393,-0.5906155871559844,-0.5857260026691771,0.0,0.012488500462345332,0.43675537046451207,0.012488500462345332,0.43675537046451207
432,1,DETACHED,39,0.06980667459325705,0.0033714271490207027,0.1362419220374934,0.004978008468168857,0.9879086676052748,0.012091332394725166,0.010441818004397857,0.8531369559074907,0.01556776361586089,0.0012362192368467577,-0.0001226607640698202,-0.010021859299188956,-0.5944240286352382,-0.5894460201670694,0.0,0.01556776361586089,0.43985582805909107,0.01556776361586089,0.4398558280590911
432,1,DETACHED,40,0.06918432091354179,0.003327644731291222,0.13504099709579237,0.005108068356403999,0.9864825881875235,0.013517411812476421,0.011430956565641715,0.8342158820614887,0.018108694381673535,0.002760042550747883,-0.00016620912327066755,-0.012129718941690583,-0.598308199329648,-0.593200130973244,0.0,0.01810869438167353,0.44298449598648343,0.01810869438167353,0.44298449598648343
432,1,DETACHED,41,0.06851913497895548,0.003284979736633889,0.13375329022127708,0.005126855549205063,0.9858825809445277,0.014117419055472268,0.011662432610833634,0.8144398857384244,0.018868480776941747,0.003291438492048876,-0.00018055880776833216,-0.012609229967279962,-0.6023688046960866,-0.5972419491468814,0.0,0.018868480776941747,0.4463165053045057,0.018868480776941747,0.4463165053045057
432,1,DETACHED,42,0.06780936118785014,0.0032429558914099255,0.13237576648429034,0.004991075416207235,0.9864626231182357,0.013537376881764311,0.010892671000652185,0.7937440836519637,0.01758436443789252,0.002931331219984427,-0.00015672660344048217,-0.011420597778478932,-0.6066024394111809,-0.6016113639949736,0.0,0.01758436443789252,0.4498452975470219,0.01758436443789252,0.4498452975470219
432,1,DETACHED,43,0.06707316239815732,0.003202628545923156,0.13094369625039148,0.0047335774896974415,0.988015217257177,0.011984782742822914,0.009369811017210744,0.7724391894689978,0.014696327284759437,0.0018823697080835313,-0.00010930096616343172,-0.009010677969532052,-0.6109219121830356,-0.6061883346933381,0.0,0.014696327284759437,0.45341620343507727,0.014696327284759439,0.45341620343507727
432,1,DETACHED,44,0.06634027646475932,0.003165469009115296,0.12951508392040334,0.00445392672493207,0.9898024405003417,0.010197559499658304,0.007738330494812089,0.751103085931479,0.011205983718639996,0.0004082148812100809,-6.34339065879386e-05,-0.00615706488923317,-0.6151953528971976,-0.6107414261722656,0.0,0.011205983718639996,0.45679427558272007,0.011205983718639996,0.45679427558272007
432,1,DETACHED,45,0.06564145194650599,0.003132129584532736,0.12815077430847924,0.004308821718777435,0.9905878668190417,0.009412133180958342,0.0069399047307273426,0.730396105852659,0.008476418295933002,-0.0012157490805684054,-3.626617563889114e-05,-0.0038168641341044004,-0.6192919673204831,-0.6149831456017056,0.0,0.008476418295933002,0.45974564645308336,0.008476418295933002,0.45974564645308336
432,1,DETACHED,46,0.06499636815597533,0.003101985448471318,0.12689075086347934,0.004397124361198007,0.9895375084452562,0.010462491554743847,0.007515486127579713,0.7108111273999679,0.007310248165043874,-0.002761216802009589,-2.7002376250745095e-05,-0.00255387198904342,-0.6231312910959034,-0.6187341667347054,0.0,0.007310248165043874,0.4621262561475442,0.0073102481650438745,0.4621262561475442
432,1,DETACHED,47,0.06440736937281742,0.0030736986505049044,0.12574104009512993,0.00464221485228404,0.987213253476377,0.012786746523623004,0.008969833510676175,0.6925247565404182,0.007325463225522002,-0.004086292385855453,-2.717873330787859e-05,-0.002098360649025773,-0.6267068335538242,-0.6220646187015402,0.0,0.007325463225522001,0.4639251953488981,0.007325463225522002,0.4639251953488981
432,1,DETACHED,48,0.06386555905701323,0.0030460423492857614,0.1246850757647407,0.004925539057433873,0.9845485724822496,0.015451427517750325,0.01060125194933598,0.6755005297247164,0.007872066508561643,-0.005124382394122434,-3.14709872357949e-05,-0.0020052979261634073,-0.6300596527162772,-0.6251341136588433,0.0,0.007872066508561643,0.46521856378313836,0.007872066508561645,0.46521856378313836
432,1,DETACHED,49,0.06335878712909492,0.0030182975284173104,0.12369927672977252,0.005180482620956588,0.9820834641312308,0.017916535868769266,0.012034004501261408,0.6596362664375625,0.008557828811709292,-0.005856957161692114,-3.728625755617827e-05,-0.002043822380256604,-0.6332453474412922,-0.6280648648203356,0.0,0.008557828811709292,0.46611062565704175,0.008557828811709292,0.46611062565704175
432,1,DETACHED,50,0.06287553680881625,0.002990212329789145,0.12276086128784336,0.005376744272864406,0.9800741503545576,0.01992584964544248,0.013109998065240942,0.6448292265358798,0.009182037763338872,-0.006295108932748497,-4.3011958562972364e-05,-0.0021155890209847276,-0.6363177231831572,-0.6309409789102928,0.0,0.009182037763338872,0.46670394706376506,0.009182037763338874,0.46670394706376506
432,1,DETACHED,51,0.06240658523426772,0.0029617854402887505,0.12185138502824669,0.0054998318521633565,0.9786520736828886,0.021347926317111413,0.013764093941507712,0.6309867702431374,0.009625238454086344,-0.0064677401807839005,-4.733307055150746e-05,-0.0021698879301396776,-0.6393211327033839,-0.6338213008512205,0.0,0.009625238454086344,0.4670848572145061,0.009625238454086343,0.46708485721450604
432,1,DETACHED,52,0.061945931240110726,0.0029331156559814857,0.12095874682423996,0.005543411205226766,0.9778836552415973,0.02211634475840267,0.013977376424086908,0.6180156846705354,0.009810746078892253,-0.0064130148779139974,-4.921379865006531e-05,-0.002176009184065806,-0.6422857441999212,-0.6367423329946945,0.0,0.009810746078892253,0.4673142178115546,0.009810746078892253,0.4673142178115546
432,1,DETACHED,53,0.06149120171504165,0.002904393331432242,0.12007801009865106,0.005509020054773278,0.9777712185114548,0.02222878148854514,0.013772462470038351,0.6058054697317572,0.009715241807430946,-0.0061721106234825015,-4.8265852783305444e-05,-0.0021230566197587737,-0.6452250410207911,-0.6397160209660179,0.0,0.009715241807430946,0.4674222598042573,0.009715241807430944,0.4674222598042573
432,1,DETACHED,54,0.06104327383275242,0.002875922054495486,0.11921062561100935,0.005407337964833319,0.9782402341438202,0.021759765856179836,0.013217549824886467,0.5942131510497116,0.009384842753521281,-0.005785214499553538,-4.501720049646424e-05,-0.0020238102305523476,-0.6481364891818523,-0.642729151217019,0.0,0.009384842753521281,0.4674091005314868,0.00938484275352128,0.4674091005314868
432,1,DETACHED,55,0.06060505230887912,0.0028480133338827244,0.11836209128387552,0.005256332117903416,0.979151296302921,0.020848703697079043,0.012414889722575633,0.5830604886490298,0.008920016437920217,-0.00528980841314938,-4.063043860187634e-05,-0.0019081928164175097,-0.6510056549980638,-0.6457493228801604,0.0,0.008920016437920217,0.4672514992484626,0.008920016437920217,0.4672514992484626
432,1,DETACHED,56,0.060179879201691634,0.00282076287934906,0.11753899552403421,0.005074564008381849,0.9803535926497974,0.019646407350202556,0.011466084841217548,0.5721563880532647,0.008417913978694961,-0.00472083739642663,-3.614067224519321e-05,-0.0018034156191915026,-0.6538124037223102,-0.6487378397139284,0.0,0.008417913978694961,0.46691365553510505,0.008417913978694961,0.4669136555351051
432,1,DETACHED,57,0.059770427408436654,0.0027939293272096007,0.1167469254896637,0.004873501765483257,0.9817506120215658,0.01824938797843427,0.010434584616160677,0.561342651337805,0.007909146850960848,-0.004111636449808913,-3.185870380118988e-05,-0.0017138822404342037,-0.6565367196625616,-0.6516632178970783,0.0,0.007909146850960848,0.46635813006863713,0.007909146850960848,0.46635813006863713
432,1,DETACHED,58,0.05937857355109884,0.0027671081542239885,0.11599003894797369,0.0046566467984526854,0.9833113431088377,0.016688656891162244,0.009343676159907817,0.5505381777750195,0.007359030277695689,-0.0034939941988379945,-2.7537222573282004e-05,-0.0016225190253842648,-0.6591624593475898,-0.6545058125491371,0.0,0.007359030277695688,0.4655541094652738,0.00735903027769569,0.4655541094652738
432,1,DETACHED,59,0.059005849685849314,0.00274009198995834,0.11527160738174029,0.00442848617793006,0.9849962547638896,0.01500374523611029,0.008221715764293184,0.539755848164582,0.006749840739390385,-0.0028962927556049674,-2.3127169157640742e-05,-0.0015182992409615726,-0.6616791747314006,-0.6572506885534706,0.0,0.006749840739390385,0.4644825670521649,0.006749840739390385,0.4644825670521649
432,1,DETACHED,60,0.05865357151160605,0.0027130688932505646,0.11459407412996153,0.004205179527956541,0.986663414119769,0.013336585880231053,0.007151621663993313,0.5290891920058852,0.006163101451261725,-0.002340551259100079,-1.9248620631398825e-05,-0.0014240458480025287,-0.664083784066311,-0.6598786045383545,0.0,0.006163101451261725,0.4631405935501791,0.006163101451261725,0.46314059355017906
432,1,DETACHED,61,0.05832215861661218,0.00268646043057071,0.11395785680265365,0.004013832433054225,0.9880708605646964,0.011929139435303616,0.006262067539236637,0.5186766820829197,0.0057602672192515044,-0.0018404571199184998,-1.6790637069400173e-05,-0.001390740657242513,-0.6663832490254211,-0.6623694165923669,0.0,0.0057602672192515044,0.46154648134818754,0.005760267219251504,0.46154648134818754
432,1,DETACHED,62,0.058010030557436004,0.0026605833701767393,0.11335947774469526,0.003875141856476007,0.9890282690431382,0.010971730956861693,0.005642731741113139,0.5086545804422656,0.0056446353144892075,-0.001402093611525152,-1.610768308190236e-05,-0.0014520000517171052,-0.668597095342069,-0.664721953485593,0.0,0.0056446353144892075,0.45974341695230797,0.005644635314489208,0.45974341695230797
432,1,DETACHED,63,0.05771315118085564,0.002635471961797518,0.11279083039991376,0.003785236935944552,0.9895623327775476,0.010437667222452512,0.005264560051882461,0.4991163461105446,0.005750589001647668,-0.0010267874846070647,-1.6709040335564718e-05,-0.0015841314520324836,-0.6707562931049988,-0.6669710561690543,0.0,0.005750589001647668,0.457795844840919,0.005750589001647668,0.457795844840919
432,1,DETACHED,64,0.05742600460887909,0.0026109648071548433,0.11224104441060334,0.0037222170375828616,0.9898636192325353,0.010136380767464691,0.0050186780028500045,0.49009670074838396,0.005919270383089825,-0.00071362208271905,-1.769827741284702e-05,-0.0017283171711833787,-0.6728961412064244,-0.6691739241688415,0.0,0.005919270383089825,0.4557749248203686,0.005919270383089824,0.4557749248203686
432,1,DETACHED,65,0.05714337080936304,0.0025868663554760593,0.11169987526325002,0.0036677194608599585,0.9900941866033823,0.009905813396617747,0.004818181355530437,0.4815811846143114,0.006039335642209294,-0.00046090756019610346,-1.8419245104541932e-05,-0.001841018679582291,-0.6750466043717563,-0.6713788849108964,0.0,0.006039335642209294,0.45373996850840714,0.006039335642209295,0.45373996850840714
432,1,DETACHED,66,0.056861628883866484,0.0025630148524728924,0.11116024291526008,0.0036136595844674553,0.9903253080144263,0.00967469198557367,0.004625997040491259,0.4735284545316387,0.006070129459713063,-0.0002676669668560361,-1.8603216215665795e-05,-0.0019042710461800586,-0.6772261911760047,-0.6736125315915372,0.0,0.006070129459713063,0.45172721550177797,0.006070129459713063,0.45172721550177797
432,1,DETACHED,67,0.056579233874650706,0.0025392984060548804,0.11061916934324653,0.0035564864637450894,0.9905885522542738,0.009411447745726182,0.00442641465666071,0.46589598166868496,0.0059952560752620345,-0.0001345652575909507,-1.8142292946032405e-05,-0.0019095412512006135,-0.6794411260255415,-0.6758846395617965,0.0,0.0059952560752620345,0.4497491376572515,0.0059952560752620345,0.4497491376572515
432,1,DETACHED,68,0.05629668134205913,0.002515678343962013,0.11007768434015625,0.003497339681776734,0.9908735307721068,0.009126469227893112,0.004224525728086268,0.4586626678401453,0.005822955724115622,-6.291419854784346e-05,-1.7109556523621175e-05,-0.001857608485731915,-0.6816877406152129,-0.6781904009334362,0.0,0.005822955724115622,0.44780011542652814,0.005822955724115622,0.4478001154265281
432,1,DETACHED,69,0.05601601591567137,0.0024921527571801923,0.10953987907416254,0.003446724339042396,0.9910827477172602,0.008917252282739685,0.004065414719421881,0.45183900409924665,0.005616044993357705,-5.252125038211212e-05,-1.5911870850372213e-05,-0.0017684798168415164,-0.6839564529527444,-0.6805097286137021,0.0,0.005616044993357705,0.4458647855189588,0.005616044993357705,0.4458647855189588
432,1,DETACHED,70,0.05573983752249659,0.002468639231624253,0.10901103581336892,0.003419038734473005,0.9910796121230523,0.008920387876947728,0.00400943371905997,0.44545910670408023,0.0054594573815667236,-0.00010035274895554349,-1.5036973082966984e-05,-0.001670649040843162,-0.6862366248429047,-0.6828175861084317,0.0,0.0054594573815667236,0.44392715141761907,0.0054594573815667236,0.443927151417619
432,1,DETACHED,71,0.05547029938233906,0.0024449321138934853,0.10849566665078463,0.0034192888104967113,0.9908123531547602,0.009187646845239749,0.004075986818444939,0.43956174622706995,0.005383414520043773,-0.00019984260177213818,-1.4624944775033204e-05,-0.001577180336967005,-0.688520366192177,-0.6851010773816804,0.0,0.005383414520043773,0.4419769217943198,0.005383414520043773,0.4419769217943198
432,1,DETACHED,72,0.05520873934588365,0.0024208515345232086,0.10799662715724409,0.0034415501435806762,0.9903320756770476,0.009667924322952394,0.004238542801182522,0.43417436358865097,0.0053613404339521616,-0.00033919060582290845,-1.4512289339451782e-05,-0.0014865637280843192,-0.6908033492321477,-0.687361799088567,0.0,0.0053613404339521616,0.44001009699994126,0.0053613404339521616,0.4400100969999413
432,1,DETACHED,73,0.054955799602340975,0.002396419246159093,0.10751517995852286,0.0034774543942291242,0.9897160588581513,0.010283941141848742,0.004460851192998649,0.42930779172989564,0.005367986164066814,-0.0004995367591060052,-1.4557344603894434e-05,-0.0014009840711920211,-0.6930841067924943,-0.6896066523982652,0.0,0.005367986164066814,0.43802723733681487,0.005367986164066814,0.43802723733681487
432,1,DETACHED,74,0.05471147595690152,0.0023718335557609193,0.10705111835804212,0.0035169871200558134,0.9890603612122698,0.01093963878773022,0.004700339096382897,0.4249609310412332,0.0053886330326699365,-0.0006556182876152308,-1.467926887960161e-05,-0.0013271629221135524,-0.6953646415688242,-0.6918476544487684,0.0,0.0053886330326699365,0.4360350124687466,0.0053886330326699365,0.4360350124687466
432,1,DETACHED,75,0.0544750932268834,0.002347313846386632,0.10660287260738018,0.0035464473862010333,0.988498133297972,0.011501866702028058,0.004900142820423362,0.42113007882693304,0.005404036519581668,-0.0007793096903909107,-1.4771707563846874e-05,-0.001269516134273363,-0.6976519159553117,-0.6941054685691107,0.0,0.005404036519581668,0.43404993250106005,0.005404036519581668,0.43404993250106005
432,1,DETACHED,76,0.05424544303857664,0.0023230102621133574,0.10616787581503992,0.0035531088963334564,0.9881544587912904,0.011845541208709592,0.005008560648971247,0.41781388036272654,0.0054053266380482854,-0.000844589943172092,-1.4783901344600149e-05,-0.0012332723152620403,-0.6999579239601585,-0.6964048150638251,0.0,0.0054053266380482854,0.43209907895614313,0.005405326638048285,0.43209907895614313
432,1,DETACHED,77,0.054021002806960434,0.0022989809681181854,0.10574302464580268,0.0035292874812593265,0.9881065504653455,0.01189344953465455,0.004995260388721324,0.41500571360678595,0.005399232521664819,-0.0008327738533171687,-1.4751299750656522e-05,-0.0012255364492051786,-0.7022973071854002,-0.6987680197041408,0.0,0.005399232521664819,0.4302149324723334,0.005399232521664819,0.4302149324723334
432,1,DETACHED,78,0.05380016163070817,0.0022751828614023055,0.10532514040001403,0.003472154453449087,0.9883845503614275,0.011615449638572525,0.0048497325596552196,0.4126745743384827,0.005387558510149165,-0.000737230471560021,-1.4683448203265968e-05,-0.0012494473999479108,-0.7046826024168473,-0.7012104479633983,0.0,0.005387558510149165,0.4284242121638379,0.005387558510149164,0.42842421216383786
432,1,DETACHED,79,0.05358152199836904,0.0022515340078757403,0.10491150998886234,0.0033872881447634803,0.9889367387237838,0.011063261276216254,0.004595026766132569,0.4107460423281078,0.005376234535811106,-0.0005664744693755041,-1.4613623223942685e-05,-0.00130630096598123,-0.7071185643357729,-0.7037312761910094,0.0,0.005376234535811106,0.4267343437115747,0.005376234535811106,0.4267343437115747
432,1,DETACHED,80,0.053364048503440384,0.0022280214539847627,0.104500075552896,0.0032943226623142518,0.9895738751145232,0.01042612488547681,0.004310240178058706,0.4090974472804624,0.00541115561106877,-0.00034431965212849784,-1.4794552374279481e-05,-0.0014041940495067246,-0.7095994667463483,-0.7063051440840341,0.0,0.00541115561106877,0.42512659516191414,0.00541115561106877,0.42512659516191414
432,1,DETACHED,81,0.053146665788896916,0.0022047000698591536,0.10408863150793468,0.0032190602389553435,0.9900439632159983,0.009956036784001726,0.004098631084206943,0.4075743240411698,0.005552554421391623,-0.00010657626835819204,-1.5570450276958706e-05,-0.0015483500750046206,-0.7121131971603782,-0.7088941369214229,0.0,0.005552554421391623,0.4235645298192043,0.005552554421391623,0.4235645298192043
432,1,DETACHED,82,0.05292759603244648,0.0021815993155384957,0.10367359274935448,0.003172451618320074,0.9902371382287635,0.00976286177123641,0.004003046550121598,0.4060249394975222,0.005785364458293165,0.00010573514096786712,-1.6900215424736708e-05,-0.001714171658862017,-0.7146503896082779,-0.7114779379899578,0.0,0.005785364458293165,0.42201472360760084,0.005785364458293165,0.42201472360760084
432,1,DETACHED,83,0.05270438276236406,0.002158713946992921,0.1032500515777352,0.003145897576385128,0.990234735710016,0.009765264289984034,0.003987437309651975,0.40434122551433127,0.006012051628788736,0.0002566456310622306,-1.825060436872317e-05,-0.0018506803151397547,-0.7172111813759576,-0.7140652837995725,0.0,0.006012051628788736,0.4204644911042356,0.006012051628788736,0.4204644911042356
432,1,DETACHED,84,0.05247473474645973,0.0021360765948148916,0.10281339289810457,0.003129724913177916,0.9901303654601831,0.009869634539816955,0.004012003547053877,0.4024877032929812,0.006158986381476818,0.00032608162071108907,-1.9155615548456958e-05,-0.0019217080984196412,-0.719805447034759,-0.7166757221215811,0.0,0.006158986381476818,0.41892657929685667,0.006158986381476817,0.41892657929685667
432,1,DETACHED,85,0.05223722065849869,0.002113755782741279,0.10236068553425609,0.003122481118279344,0.9899375937194443,0.010062406280555663,0.0040709855272899696,0.40050277285460306,0.006226387147042984,0.00031551305573328844,-1.9580980230885735e-05,-0.0019263730674329938,-0.72244972481216,-0.7193272436938806,0.0,0.006226387147042984,0.41743509535423523,0.006226387147042984,0.41743509535423523
432,1,DETACHED,86,0.05199134829133605,0.002091779215454106,0.101890917367218,0.003123627207986645,0.9896607524709942,0.010339247529005858,0.004162959508324371,0.3984736440400046,0.006242694247574185,0.00024548564056609413,-1.9689187113559917e-05,-0.0018846260987255324,-0.7251638924559805,-0.7220402652479938,0.0,0.006242694247574185,0.41603808305218243,0.006242694247574185,0.41603808305218243
432,1,DETACHED,87,0.05173737482820776,0.0020701096556900982,0.10140464000072542,0.00312981965726081,0.989331907063034,0.010668092936966054,0.0042755287719241355,0.3965017045336635,0.006236034391265452,0.00014703643049401174,-1.965373028576939e-05,-0.0018226371460588835,-0.7279679951473048,-0.724838175490044,0.0,0.006236034391265452,0.4147887190013717,0.006236034391265453,0.4147887190013717
432,1,DETACHED,88,0.05147597976639763,0.002048681345086488,0.10090327818770878,0.003137455952200709,0.9889861003748003,0.011013899625199662,0.0043953434272284465,0.3946770629684097,0.006237415258370922,5.11212693356293e-05,-1.9669310362711003e-05,-0.0017661931935689457,-0.7308816165661777,-0.727744160613977,0.0,0.006237415258370922,0.41374206018939985,0.006237415258370923,0.41374206018939985
432,1,DETACHED,89,0.051207644759056294,0.0020274280090252115,0.10038786150908738,0.0031423434024664253,0.9886650012228697,0.011334998777130328,0.004506563350280329,0.39307295464427316,0.006265566120276522,-1.9868407543239834e-05,-1.9853701081256046e-05,-0.0017316860627617876,-0.7339297396333009,-0.7307873962308344,0.0,0.0062655661202765224,0.412967568744501,0.0062655661202765224,0.412967568744501
432,1,DETACHED,90,0.0509317655865773,0.002006301692972751,0.09985722948018184,0.0031394421383373642,0.9884197271197184,0.01158027288028163,0.004589862831271275,0.39176200890110285,0.006315753826313025,-5.5684407422895596e-05,-2.0178040411447723e-05,-0.001722271435524995,-0.7371575757754836,-0.7340181336371462,0.0,0.006315753826313025,0.4125846307030783,0.006315753826313025,0.4125846307030783
432,1,DETACHED,91,0.05064545301016453,0.001985278919681814,0.09930562710064725,0.0031253233613896653,0.9882856518393465,0.011714348160653509,0.004632888325359737,0.39085547020924627,0.0063730812790404046,-5.6633389735153355e-05,-2.0548798271867327e-05,-0.0017336075568283873,-0.7406576897103303,-0.7375323663489406,0.0,0.0063730812790404046,0.41283056109598143,0.0063730812790404046,0.41283056109598143
432,1,DETACHED,92,0.050341907509462,0.001964327824882333,0.09871948719404167,0.003098319034073988,0.9882797856301903,0.01172021436980976,0.004631821623962477,0.39056757301284906,0.00642189480684559,-2.8789670425234837e-05,-2.0864907645506804e-05,-0.0017593847522287159,-0.744611184196756,-0.741512865162682,0.0,0.00642189480684559,0.4141672781227469,0.00642189480684559,0.4141672781227469
432,1,DETACHED,93,0.05001033958343686,0.0019433949846789553,0.09807728418219477,0.003057901110455796,0.9884067300815533,0.011593269918446622,0.004588789909794316,0.39122619085700955,0.006452359187347932,2.1370820283401375e-05,-2.1060631122532997e-05,-0.0017955649862127791,-0.7492952594915248,-0.746237358381069,0.0,0.006452359187347933,0.4173130497212443,0.006452359187347932,0.4173130497212443
432,1,DETACHED,94,0.049646426636989455,0.001922462656632016,0.0973703906173469,0.0030072329776067224,0.9886349515997751,0.011365048400224925,0.0045172773716344984,0.392953741893457,0.006473106111183693,8.952980431978513e-05,-2.1191392565496875e-05,-0.0018434194581087046,-0.7548344402178925,-0.7518272072402857,0.0,0.006473106111183693,0.42264424058819205,0.0064731061111836935,0.42264424058819205
432,1,DETACHED,95,0.049274433764067364,0.0019015862376643889,0.09664728129047034,0.002952098355123645,0.9889122971035913,0.011087702896408745,0.004434223578408688,0.39548843126156835,0.006495825128901237,0.00017046751950380227,-2.1334421782827045e-05,-0.0019028172246088853,-0.7606588273796564,-0.7577067290245327,0.0,0.006495825128901237,0.428820508899724,0.006495825128901237,0.428820508899724
432,1,DETACHED,96,0.04893318746102973,0.0018808589919601135,0.09598551593009935,0.002896005083461621,0.9892125838982779,0.010787416101721995,0.004346848854128662,0.39860867016351403,0.006515309307349833,0.00025630027149352183,-2.1456083384602634e-05,-0.00196753582925494,-0.7658572768271511,-0.7629612717436894,0.0,0.006515309307349833,0.43356943678876925,0.006515309307349833,0.43356943678876925
432,1,DETACHED,97,0.048634035471686696,0.0018603812081514973,0.0954076897352219,0.0028429972385432493,0.9894960523625604,0.010503947637439571,0.004267017644612866,0.4019628867585463,0.006537512279513242,0.00034084243277224106,-2.1596380653940417e-05,-0.0020344287823965412,-0.7702175485340416,-0.7673745512954984,0.0,0.006537512279513243,0.4362935574576405,0.006537512279513241,0.4362935574576405
432,1,DETACHED,98,0.048362637431744404,0.0018402221708328527,0.09488505269265596,0.002797515415550616,0.9897114838153933,0.010288516184606687,0.004210278622885957,0.40501089062455387,0.006575001818194846,0.0004175489043054901,-2.184002591472868e-05,-0.002100917573223323,-0.7740550360928548,-0.7712575206773041,0.0,0.006575001818194846,0.4376605053229387,0.006575001818194845,0.4376605053229387
432,1,DETACHED,99,0.04809267756675623,0.0018203716971703764,0.09436498343634209,0.0027580851725273366,0.9898674438442746,0.010132556155725383,0.004164086664236114,0.4067970370876618,0.006597046934694035,0.00047562901034582883,-2.198326075334723e-05,-0.0021475838667799783,-0.777714817488041,-0.7749567323155138,0.0,0.006597046934694036,0.43833484337420464,0.006597046934694035,0.4383348433742046
432,1,DETACHED,100,0.04780172481668437,0.0018007862148926405,0.0938026634184761,0.002721461730428568,0.9899928616293487,0.010007138370651281,0.004109838513136972,0.4065808465672471,0.006562320543116286,0.00050243466171656,-2.174967748743683e-05,-0.0021516666061550294,-0.7814027907519484,-0.7786813290215199,0.0,0.006562320543116285,0.4386772442497583,0.006562320543116286,0.4386772442497583
432,1,JOINT,1,0.12182083997927559,0.005981883076662482,0.2376597968818887,0.017517383740040676,0.9502088892552952,0.049791110744704804,0.06812502420124501,1.3000915747524144,0.113723165124999,0.04810871461850361,-0.0068053237726410365,-0.12987216083970554,-0.31416869446031703,-0.29665131072027634,3.3335518913214184,3.4329127902681327,0.3102329530723209,3.4329127902681327,0.3102329530723209
432,1,JOINT,2,0.11978479766422,0.005867667047118335,0.23370192828132166,0.015686612939669067,0.9569031196653197,0.04309688033468022,0.0576669723856597,1.2804106781967393,0.09346812090636347,0.03208387350465653,-0.004564876760367407,-0.1013564039661643,-0.32543360816531597,-0.3097469952256469,3.2553925300462434,3.334053942734245,0.2944411671315516,3.334053942734245,0.29444116713155166
432,1,JOINT,3,0.11769508023420917,0.005802290738277468,0.2295878697301409,0.01421400196976293,0.9624117368537349,0.03758826314626512,0.04962946094993799,1.2707151571777373,0.07613210332363901,0.017046154225097688,-0.0030112356980545236,-0.07709982679869,-0.3370051155713446,-0.3227911136015817,3.218081750672519,3.2783295642958135,0.2822707204723902,3.2783295642958135,0.2822707204723902
432,1,JOINT,4,0.11554933263689256,0.0057830000510782735,0.22531566522270685,0.013359848840001385,0.965486462877861,0.03451353712213899,0.0450968105977054,1.2615444194249827,0.06250385755467032,0.0017286637211911865,-0.0020231936746008725,-0.056597099789990994,-0.34894421260753705,-0.33558436376753564,3.1827935498913877,3.2272925369416074,0.2719311993416654,3.227292536941607,0.2719311993416654
432,1,JOINT,5,0.11335195776359376,0.005811504930283656,0.22089241059690387,0.013332709997333155,0.9650308099468973,0.034969190053102714,0.04537307629408823,1.2521427147547357,0.05378934362031177,-0.013945318255043054,-0.0014990679350761781,-0.04136918073753416,-0.36123489558180966,-0.3479021855844765,3.146553403888846,3.179266600649303,0.26368671650101233,3.1792666006493024,0.26368671650101233
432,1,JOINT,6,0.11110805762071575,0.005890613030310727,0.2163255022111208,0.014134654690375403,0.9608237888110785,0.039176211188921346,0.05064632217354663,1.2421362271473257,0.049796092301211056,-0.029971849487531264,-0.001290377505920751,-0.031647404550085134,-0.3738468647932669,-0.3597122101028915,3.1080946627685173,3.1332699490145135,0.25789963822609246,3.1332699490145135,0.25789963822609246
432,1,JOINT,7,0.10882426277382753,0.006022989100346982,0.21162553644730808,0.015553672027032717,0.9536451126230339,0.046354887376966164,0.05985158660106789,1.2313086337731975,0.049189007409400895,-0.04632898879252443,-0.00126858430767134,-0.026098202226723332,-0.38674245829614445,-0.3711887862691117,3.0665015817869867,3.0874216373234784,0.25490557975795247,3.0874216373234784,0.25490557975795247
432,1,JOINT,8,0.10650799916516943,0.006211382506082594,0.20680461582425624,0.017351601933228402,0.9444636329807018,0.0555363670192982,0.07170898359475825,1.219498696047669,0.05066603466251847,-0.06297860853245553,-0.0013589973074569282,-0.0231114061487989,-0.3998777252708891,-0.38252612333766073,3.0209150741219206,3.039641197499601,0.2549460772829167,3.039641197499601,0.2549460772829167
432,1,JOINT,9,0.10416650411429987,0.006458790134993629,0.20187421809360612,0.01936461714627638,0.933956969794544,0.06604303020545599,0.08531769174242256,1.206532356279363,0.053358719345125726,-0.07985902670401732,-0.001524242027327139,-0.02155528691895699,-0.413205132862716,-0.39384051571643963,2.970500891542765,2.988221980752665,0.2581217083927719,2.988221980752665,0.2581217083927719
432,1,JOINT,10,0.1018060991918086,0.006768410793352884,0.1968437875902643,0.021494727920949055,0.92252380410467,0.07747619589533,0.10012656289483121,1.1922260331219088,0.05670160165128477,-0.09688218301419212,-0.0017425412848513318,-0.020748770591192473,-0.426675131527242,-0.405180403606293,2.914507737885801,2.931880259294142,0.2643738266826654,2.931880259294142,0.2643738266826654
432,1,JOINT,11,0.09943260135470079,0.007143420316150656,0.19172178239325094,0.02368406492864367,0.9103868707774976,0.08961312922250234,0.11579853591012694,1.1764064893446915,0.060298325601112014,-0.11394267600685169,-0.0019968917539378394,-0.020286581340498117,-0.4402359944058645,-0.4165519294772208,2.8523060353885996,2.869663171254223,0.2734967756748781,2.869663171254223,0.2734967756748781
432,1,JOINT,12,0.09705345903992764,0.00758675735575268,0.1865201607241026,0.0259015424407116,0.8976446837751342,0.10235531622486577,0.13214541378055508,1.1589005099137555,0.06388935747216005,-0.13093013365892583,-0.0022736446123865113,-0.019939609141737123,-0.4538329779341709,-0.4279314354934593,2.783281492655213,2.800766709795333,0.2851724485549893,2.8007667097953335,0.2851724485549893
432,1,JOINT,13,0.09467903349975403,0.00810149174267974,0.1812565752568283,0.02813559400080198,0.8842996587132527,0.11570034128674742,0.14909262200253975,1.139517423088288,0.06734275675301866,-0.1477311945273834,-0.0025642025541970743,-0.019598243344229827,-0.46740696829277006,-0.4392713742919681,2.7067469717627346,2.7244071639599845,0.299010460051652,2.7244071639599845,0.299010460051652
432,1,JOINT,14,0.09232145108552722,0.008691389355454382,0.17595151281560006,0.03038594046103259,0.8702945408817212,0.1297054591182789,0.16663172167678283,1.1180614809804064,0.07060971007184558,-0.1642206820122704,-0.002864392985493679,-0.019219434518494654,-0.4808941017827695,-0.4505081613217369,2.6220354260872667,2.639876716987851,0.31458379295775163,2.639876716987851,0.31458379295775163
432,1,JOINT,15,0.08999360095198039,0.009361001708485316,0.17062620019547547,0.032657317692932744,0.8555403385044243,0.1444596614955757,0.18478268728721609,1.094347316024299,0.07368364446877543,-0.18025174591933446,-0.0031730119655677845,-0.018791679995620012,-0.49422626334939135,-0.4615689456564586,2.528580000346453,2.546598598697609,0.3314570401722131,2.546598598697609,0.33145704017221317
432,1,JOINT,16,0.08770888212816037,0.01011553143075276,0.165302232825568,0.034956580728343796,0.8399279765964471,0.16007202340355287,0.203576760391569,1.0682055040103597,0.07658177137411931,-0.19565143064888596,-0.0034912325045791857,-0.018319152785407057,-0.5073322691990185,-0.47237568847067474,2.4259271705821064,2.44412975241808,0.3492076439255262,2.4441297524180805,0.3492076439255262
432,1,JOINT,17,0.08548134075304034,0.010960697000973024,0.16000198450510766,0.03729177564054287,0.8233303061150798,0.17666969388492015,0.22305111160785837,1.0394807165909856,0.0793389484164688,-0.2102198470182886,-0.003822687376548044,-0.017814794935715843,-0.520139159451771,-0.48284738381122816,2.313737079646093,2.3321585538078615,0.36743852013231315,2.332158553807862,0.36743852013231315
432,1,JOINT,18,0.08332595042357888,0.011902642988304844,0.1547492578588529,0.039672060191296016,0.8055997530767063,0.19440024692329366,0.24324757937120917,1.008024387722483,0.08200552369206354,-0.2237290949843196,-0.004173850532057744,-0.017296546744261867,-0.532573004571042,-0.49290094437974596,2.191776761121929,2.2104992207578675,0.3857831620330261,2.2104992207578675,0.3857831620330261
432,1,JOINT,19,0.08125877158890661,0.012947763544351242,0.149569779633462,0.04210741891656127,0.7865669369628475,0.21343306303715245,0.2642094327137011,0.9736935845320851,0.08464656996276179,-0.2359191802680539,-0.004554629408990241,-0.016785219929148266,-0.5445591254051305,-0.5024517064885693,2.059935660445948,2.0791122269381135,0.40390588158408264,2.0791122269381135,0.40390588158408264
432,1,JOINT,20,0.07929682622416581,0.0141022482128315,0.1444914042355001,0.044607420747466375,0.766045172273901,0.23395482772609896,0.285971883763378,0.9363661485091497,0.08733806643592208,-0.24649345375535828,-0.004978778096155241,-0.016302159529906986,-0.5560219096317616,-0.5114144888842952,1.9182857069830364,1.9381725094151225,0.4214996335966646,1.9381725094151225,0.4214996335966646
432,1,JOINT,21,0.07745763551979887,0.01537125152658313,0.1395440195130146,0.04717893279362487,0.7438433419595076,0.2561566580404925,0.3085455013937344,0.895973263622947,0.09016007007679318,-0.25511751292508417,-0.005464079449066835,-0.015866927485771717,-0.5668850454513483,-0.5197061126577235,1.7671978047299273,1.7881983920034228,0.4382838862119141,1.7881983920034226,0.4382838862119141
432,1,JOINT,22,0.07575838832915081,0.01675771431848371,0.1347590623398179,0.049823046435320616,0.7197885221543502,0.2802114778456498,0.331893989308338,0.8525471044685441,0.09318778298315615,-0.26142758469506433,-0.006032301592782006,-0.015495373287491203,-0.5770737082922326,-0.5272506618569119,1.6075483737357914,1.6302772348424497,0.4540047942812487,1.6302772348424497,0.4540047942812487
432,1,JOINT,23,0.0742147410556854,0.018260870191333257,0.13016861192003754,0.05253168273419273,0.6937583404556449,0.30624165954435506,0.3559120523373766,0.8062814025535228,0.09648422096409921,-0.265056896739203,-0.006709256200750706,-0.015199115804329064,-0.5865197397980333,-0.5339880570638406,1.4410393804507216,1.4664164715087462,0.4684400841885154,1.466416471508746,0.4684400841885154
432,1,JOINT,24,0.07283899962770828,0.01987416401112075,0.1258038352442958,0.055283200430588285,0.6657307059744926,0.3342692940255075,0.38040160472107687,0.7576078131946744,0.10009433289848073,-0.26568427337449735,-0.0075247208732293,-0.01498623364075337,-0.5951708279313304,-0.539887627500742,1.2706624182311728,1.3000514679447022,0.4814123075944175,1.3000514679447024,0.4814123075944175
432,1,JOINT,25,0.07163735587016512,0.021582396311386393,0.12169231542894385,0.05803619426640415,0.635862277421175,0.3641377225788251,0.4050441727295896,0.7072936808195149,0.10403059558835943,-0.26311492935742586,-0.008509991237694069,-0.014860263229286916,-0.6030049949888914,-0.5449688007224872,1.1013460667684656,1.136726879219499,0.4928135232714251,1.1367268792194993,0.4928135232714251
432,1,JOINT,26,0.0706061394850959,0.023358354286091416,0.1178539246841004,0.06072193951801056,0.6045996116585547,0.39540038834144536,0.4293756721459911,0.656550606143869,0.10824307814392667,-0.25740125913827144,-0.009689523231689659,-0.014816075440920465,-0.6100502638669947,-0.5493283243489842,0.9406689478515204,0.9847491874128343,0.5026402703676817,0.9847491874128342,0.5026402703676816
432,1,JOINT,27,0.06972842766033968,0.02515980710272967,0.1142970482179497,0.06323859734550077,0.572807170534368,0.427192829465632,0.45277816502659907,0.6071136070168862,0.11258774429581977,-0.24898658763853918,-0.01106480576508456,-0.014836391544161784,-0.6164007560758564,-0.5531621587303557,0.799079999730223,0.8550468171187142,0.5110209907765043,0.8550468171187143,0.5110209907765042
432,1,JOINT,28,0.06897842947500187,0.02693096695599969,0.11102589199400403,0.06546829369116203,0.5417401618736628,0.45825983812633725,0.4745625007278845,0.5610126495366534,0.1168466939326299,-0.23873763402834716,-0.012601197810187172,-0.014896734065556127,-0.6221930424411362,-0.5567247487499741,0.687914903146944,0.758406008030637,0.5181717683868894,0.758406008030637,0.5181717683868894
432,1,JOINT,29,0.06831866581461639,0.02861462635375467,0.10802270527547811,0.0673056996185558,0.5127564626901392,0.4872435373098608,0.4941183996313375,0.5199913048491648,0.12079558232522492,-0.22773511800069424,-0.014228560506811124,-0.014973592866774908,-0.6276217020171132,-0.5603160023985574,0.6148117886065566,0.7002527207522239,0.5244337660864162,0.7002527207522239,0.5244337660864162
432,1,JOINT,30,0.06770691157049062,0.030158458120811787,0.10525536502016947,0.06867395502150048,0.4871227259425498,0.5128772740574502,0.5109817177751406,0.4853223565557152,0.12419408411581086,-0.21712203518334042,-0.015831914328694463,-0.01503690191548372,-0.6329014683576626,-0.5642275133361621,0.5788439940152125,0.6766447570223946,0.5302010911366952,0.6766447570223946,0.5302010911366952
432,1,JOINT,31,0.06710301251800821,0.031520353871306576,0.10268567116470984,0.06953477248096923,0.4658294228783488,0.5341705771216513,0.5248692535214318,0.45771809966013216,0.12678182578700306,-0.20794404583090192,-0.017252700839040427,-0.015045410621919553,-0.6382301933001274,-0.5686954208191581,0.5694672723758595,0.6754074487402979,0.5358474726178658,0.6754074487402978,0.5358474726178658
432,1,JOINT,32,0.0664745829812072,0.032672912040786775,0.10027625392162762,0.06989256686238145,0.4494406077261853,0.5505593922738148,0.5356932048776675,0.43730482657040254,0.12831378009395897,-0.20099219562859288,-0.018316576071416697,-0.014952452353961896,-0.6437586071411052,-0.5738660402787238,0.5721831300132054,0.6823332080090142,0.5416659154605288,0.6823332080090142,0.5416659154605288
432,1,JOINT,33,0.06580088537385255,0.03360580891701065,0.09799596183069445,0.06979053529949442,0.43803944011454554,0.5619605598854543,0.5435526090305783,0.4236907312162386,0.12862581493164713,-0.19669294458414485,-0.01888482948305291,-0.014720428307462246,-0.6495710147370517,-0.5797804794375573,0.5753179035286015,0.6866757696301863,0.547829923856447,0.6866757696301863,0.547829923856447
432,1,JOINT,34,0.06507429946872371,0.03432518238610429,0.09582341655134313,0.06929972173866791,0.43129197403309216,0.5687080259669077,0.5487030859260436,0.41612079710804556,0.12769340655784803,-0.19508789810689176,-0.018903210655499905,-0.014335656728798005,-0.6556810898469224,-0.5863813681082545,0.5726934219296707,0.6829366653092636,0.5543838982709021,0.6829366653092636,0.5543838982709022
432,1,JOINT,35,0.0642991580359706,0.034850760030606845,0.09374755604133435,0.06850593872618954,0.4285736920315204,0.5714263079684796,0.5515142264892959,0.413639492894093,0.1256609603741315,-0.19588880873767234,-0.018422359159866123,-0.01381689707137187,-0.6620423468916579,-0.5935364081654684,0.5631064474075659,0.6702765008545539,0.5612617238066072,0.6702765008545538,0.5612617238066072
432,1,JOINT,36,0.0634884506108004,0.03521193126737147,0.09176496995422934,0.06749863706908989,0.42908981459874407,0.5709101854012559,0.5524235258318937,0.41519544464352504,0.12283567407087327,-0.19856711285969633,-0.017582103223022953,-0.013214515356597649,-0.6685682837440263,-0.6010696466749365,0.5489001109938125,0.6512659668731519,0.5683241011439286,0.6512659668731519,0.5683241011439286
432,1,JOINT,37,0.0626594844289381,0.03544368504388863,0.08987528381398757,0.06636274850779958,0.43196481157015343,0.5680351884298466,0.5518925954261384,0.4196891070237939,0.11964505543774713,-0.20245334576675628,-0.016569566440687678,-0.012600398339996072,-0.6751565498826431,-0.6087938013748435,0.5344944760469639,0.6305829720014706,0.5754037548524903,0.6305829720014707,0.5754037548524903
432,1,JOINT,38,0.06182952933047216,0.03558290332900153,0.08807615533194278,0.0651729297324376,0.4363079962777289,0.563692003722271,0.5503685624752658,0.4259954072829966,0.1165622857359198,-0.20683273769535274,-0.015570155225087404,-0.012051587006968066,-0.6817124488259223,-0.6165395190934847,0.5248277940073459,0.613600430904621,0.5823492788680532,0.613600430904621,0.5823492788680532
432,1,JOINT,39,0.06101211394105264,0.03566528427415923,0.08635894360794605,0.06398974312906848,0.44126229538077005,0.55873770461923,0.5482532527609142,0.43298221466568315,0.11400887583739144,-0.21102408200990652,-0.01472822843212742,-0.01163159713605123,-0.6881682951411594,-0.6241785520120909,0.5236113746607792,0.6047418978510931,0.5890608715000493,0.6047418978510932,0.5890608715000493
432,1,JOINT,40,0.06021463571047798,0.03572304895711172,0.08470622246384424,0.06285757051062253,0.44604402673539945,0.5539559732646006,0.545882726129129,0.43954346742214934,0.11225732057161573,-0.21443882277295073,-0.01412607866778367,-0.011374284807918487,-0.6944960103798208,-0.6316384398691982,0.531855388718048,0.605926669481757,0.5955129812813387,0.605926669481757,0.5955129812813387
432,1,JOINT,41,0.059437995801849115,0.03578310201045527,0.08309288959324296,0.061804198945622404,0.4499849129605021,0.550015087039498,0.5435154270546453,0.4446673334950014,0.1113732532598069,-0.21662481391324853,-0.013782686023922184,-0.011276055724615344,-0.7007100597953833,-0.6389058608497609,0.5475524058576757,0.6159373086456466,0.6017587792669176,0.6159373086456467,0.6017587792669176
432,1,JOINT,42,0.05867819423538772,0.0358653431387362,0.08149104533203924,0.06084235749740333,0.4525670146873211,0.5474329853126789,0.5413255799518317,0.4475179762007834,0.11121919444550264,-0.21728884399783077,-0.013666163034056692,-0.011297920973871617,-0.706857213551054,-0.6460148560536507,0.5667084889738875,0.6311378503806335,0.6079094986182129,0.6311378503806335,0.6079094986182129
432,1,JOINT,43,0.05792990613541057,0.03598228207574157,0.07987753019507957,0.059973817884486816,0.4534366056316741,0.5465633943683259,0.539408268420107,0.4475006134736609,0.1115151098485263,-0.2162967062706893,-0.013712633221577945,-0.01137619153849574,-0.7129938597990785,-0.6530200419145916,0.5848941793194106,0.6469829718417344,0.6140895342032543,0.6469829718417344,0.6140895342032543
432,1,JOINT,44,0.05719044222770136,0.03613992476613523,0.07824095968926749,0.059194383166873164,0.45240162283823687,0.5475983771617631,0.5377935785522506,0.44430133074910383,0.11193162387364416,-0.21365586852941473,-0.013846865031550496,-0.011439669058122413,-0.7191609283469184,-0.6599665451800452,0.5984682331111019,0.6594293790614886,0.6203869608519451,0.6594293790614887,0.6203869608519451
432,1,JOINT,45,0.05646060021800961,0.03633874392378841,0.0765824565122308,0.0584959832328706,0.4494235774001246,0.5505764225998754,0.5364588505335963,0.4378997099009124,0.11217774668563116,-0.20948730595450757,-0.01399998518575958,-0.011427883882171596,-0.7253739809834486,-0.666877997750578,0.6052206179310393,0.6657929743376115,0.6268338309626459,0.6657929743376115,0.6268338309626459
432,1,JOINT,46,0.055741414235766173,0.03657408952207175,0.0749087389494606,0.057865131681566026,0.4446005773491559,0.5553994226508441,0.5353345876357468,0.4285385562733149,0.11205348755119572,-0.2039874273431578,-0.01412052155582948,-0.011303562409606054,-0.7316361007236243,-0.6737709690420582,0.6045064421587865,0.6650122805525328,0.633432018166803,0.6650122805525328,0.633432018166803
432,1,JOINT,47,0.055032551747719,0.03683735776734466,0.07322774572809333,0.0572847723411334,0.4381094646244584,0.5618905353755417,0.5343225267459755,0.4166145207856385,0.11146653414978908,-0.19737028350783087,-0.014180004358062053,-0.01105623555935315,-0.737949004267701,-0.6806642319265677,0.5967972672477116,0.6572711657871873,0.640178053401653,0.6572711657871874,0.640178053401653
432,1,JOINT,48,0.05433513367483862,0.03711749352172574,0.0715527738279515,0.056739683965827965,0.4301718972633246,0.5698281027366754,0.5333156843287657,0.4026081175466527,0.1104218554615242,-0.18984616995403114,-0.014172225383777144,-0.010698828387900943,-0.7443007048931438,-0.6875610209273159,0.5831143613257566,0.6434475683577877,0.6470404153261713,0.6434475683577876,0.6470404153261713
432,1,JOINT,49,0.05365158781927243,0.03740061190840352,0.06990256373014134,0.056215893469788655,0.42110302591731785,0.578896974082682,0.5321922099173979,0.3871289020312482,0.10900145650340633,-0.1816575786891283,-0.014107376091613309,-0.010262031114164204,-0.7506615005086686,-0.69444560703888,0.5649554703205346,0.62499094042381,0.6539492777271808,0.62499094042381,0.6539492777271808
432,1,JOINT,50,0.05298256003414979,0.03766952844206828,0.0682955916262313,0.05569740223240599,0.4113551688987545,0.5886448311012454,0.5308089277557474,0.37093844130328635,0.10734267473100265,-0.1731046920563377,-0.014005475911792697,-0.009787268323455297,-0.7569960837378227,-0.7012986815054167,0.5442907344226481,0.6038666850921939,0.6608180603902728,0.603866685092194,0.6608180603902728
432,1,JOINT,51,0.0523247147203258,0.037904765885958494,0.0667446635546931,0.05516530658480469,0.4015047869757743,0.5984952130242257,0.5290116066209078,0.35489121349988517,0.10560247766324744,-0.1645373597435333,-0.013887609376484896,-0.009316601909199633,-0.7632764528346008,-0.7081111462497961,0.5233207537804193,0.5822725666258302,0.6675689908449883,0.5822725666258303,0.6675689908449883
432,1,JOINT,52,0.05167068241159637,0.038087091367956696,0.06525427345523604,0.05459981406614258,0.39218124849548774,0.6078187515045123,0.5266599253024686,0.33981535865158174,0.10391265816080372,-0.1563182898011641,-0.01376639062610394,-0.008882450976805617,-0.7694890876471789,-0.7148892735810364,0.5040780904200864,0.5622089738985283,0.6741499525135437,0.5622089738985283,0.6741499525135437
432,1,JOINT,53,0.05101088155983875,0.038200732612620525,0.06382103050705698,0.053983890935843916,0.38395882872810916,0.6160411712718908,0.5236571736543935,0.32637882730515355,0.10234576140674273,-0.14876869151712493,-0.013640336012879225,-0.00850158671724792,-0.7756352531391684,-0.7216513622033245,0.4880667268333696,0.5451116462196149,0.6805393806325506,0.5451116462196149,0.6805393806325506
432,1,JOINT,54,0.05033634307034763,0.03823627175803719,0.06243641438265807,0.05330695008352973,0.37724836752987395,0.6227516324701261,0.5199743070778586,0.3149882686369505,0.1009084156806857,-0.1421146279057332,-0.013495761985477263,-0.008175416830942249,-0.7817257338035863,-0.7284187837200566,0.476103860418071,0.531719571835545,0.6867402189715978,0.531719571835545,0.6867402189715978
432,1,JOINT,55,0.04964151587753217,0.03819253326700756,0.06109049848805678,0.0525672677993865,0.37222655403612886,0.6277734459638711,0.5156626795016643,0.3057525664234415,0.0995641827679343,-0.13645395158630147,-0.013315850767170755,-0.007895385312950247,-0.7877729710710303,-0.7352057032716438,0.4683911580959448,0.5221947117589918,0.6927672933070051,0.5221947117589918,0.6927672933070051
432,1,JOINT,56,0.048926135750083186,0.0380770351523576,0.05977523634780877,0.051772442905940116,0.36882289779607913,0.6311771022039208,0.5108535973678275,0.2985128951491663,0.09827170544791947,-0.13175404010237535,-0.013092093995994456,-0.007650252249266919,-0.7937840982196872,-0.7420116553137471,0.46469115937365085,0.5163437810023477,0.6986342733470757,0.5163437810023477,0.6986342733470757
432,1,JOINT,57,0.04819552876741058,0.037904698205937906,0.05848635932888325,0.05093794520210187,0.36675436844920484,0.633245631550795,0.5057421322079579,0.2929086709083844,0.09701701766196456,-0.12787257445711434,-0.012831887668879315,-0.007431793641411756,-0.7997576399941924,-0.7488196947920905,0.46443898438723014,0.5137481376708349,0.7043461342941616,0.5137481376708349,0.7043461342941616
432,1,JOINT,58,0.047459228678155906,0.03769516230496606,0.057223295051345754,0.05008437417913001,0.36557109504180374,0.6344289049581961,0.5005544184375627,0.2884298389404097,0.09582642198555362,-0.12457845226796334,-0.012559394431202683,-0.007236983591690592,-0.8056864765187728,-0.7556021023396428,0.46668458761303544,0.5136881322841155,0.7099035744164468,0.5136881322841155,0.7099035744164468
432,1,JOINT,59,0.046728197593573675,0.03746991624492396,0.05598647894222339,0.0492337885269349,0.36468379826636727,0.6353162017336327,0.49550614019690226,0.2844301164966611,0.09475744434491737,-0.12155970217804511,-0.012310628140685611,-0.007066538862285072,-0.8115699490920605,-0.7623361605651255,0.4698961376032629,0.514893571390907,0.7153255435673744,0.5148935713909069,0.7153255435673744
432,1,JOINT,60,0.04601170239098886,0.03724915756880009,0.05477424721317763,0.048404532845896714,0.363462584017336,0.636537415982664,0.49076493841041435,0.28022656356247244,0.09385845986146565,-0.11848685132217196,-0.012118730888605267,-0.006919789996921631,-0.8174238574232787,-0.769019324577382,0.4720612216080709,0.515545693543313,0.7206640971386779,0.5155456935433131,0.7206640971386779
432,1,JOINT,61,0.04531657743232168,0.037047477743762186,0.05358567712088118,0.04760768242909752,0.36146587397261437,0.6385341260273857,0.4864354237334788,0.27536477441695867,0.09311560289841174,-0.11516424342100616,-0.011993546455496934,-0.006789390848283999,-0.82326305078312,-0.7756553683540225,0.4714387561719839,0.5139415965918841,0.7259623621519983,0.5139415965918841,0.7259623621519983
432,1,JOINT,62,0.04464804311086406,0.036872580131313074,0.052423506090415045,0.04684869902689465,0.3584871459218453,0.6415128540781547,0.4825727043441274,0.2696689713703489,0.09245854736327198,-0.11154891678591182,-0.011923137381319253,-0.006662830624657249,-0.8290881908863338,-0.7822394918594391,0.46690822241488084,0.5088773840742092,0.7312285711911817,0.5088773840742091,0.7312285711911817
432,1,JOINT,63,0.04400903119844655,0.036726562215146266,0.05129150018174683,0.046128825566127525,0.35445908712127966,0.6455409128787203,0.4791902902204317,0.2631178743907532,0.09180846462098406,-0.10766539921370921,-0.011889657343131603,-0.006528474034647293,-0.8348964607588684,-0.7887676351927408,0.45788482434206856,0.4996445105341288,0.7364599919184934,0.4996445105341288,0.7364599919184934
432,1,JOINT,64,0.04339955705325009,0.03660648777019977,0.050192626336300415,0.04544487791544136,0.3494553215219934,0.6505446784780067,0.47625878978537983,0.2558335714950468,0.0911174915327458,-0.10358282088380662,-0.011879053990450502,-0.006381112272445323,-0.8406863453574265,-0.7952414674419851,0.44455824750247225,0.4863200252211222,0.7416518227789031,0.4863200252211222,0.7416518227789031
432,1,JOINT,65,0.04281676071056975,0.03650482146170192,0.04912869995943759,0.044789705571450164,0.34371325648973156,0.6562867435102685,0.4737115837780661,0.2480942251345655,0.09037928126040293,-0.09941930257419684,-0.011882600288055883,-0.006223205452434384,-0.8464567561300101,-0.80166705055856,0.4280644853189393,0.46995217489112606,0.7467960302123143,0.46995217489112606,0.7467960302123143
432,1,JOINT,66,0.042255343792852805,0.036410792969871555,0.048099894615834055,0.044153757912689676,0.33759110175138274,0.6624088982486173,0.47146028342439117,0.24027575253604563,0.0896133683273199,-0.09532493488362184,-0.011893909142311988,-0.006061630364719118,-0.8522090063782275,-0.8080552484655378,0.4102231134768713,0.4522841006246679,0.7518882558488593,0.4522841006246679,0.7518882558488593
432,1,JOINT,67,0.041708564315997926,0.03631270673441545,0.0471044218975804,0.04352710010990246,0.33148778795499684,0.6685122120450032,0.4694125626133199,0.2327624375671103,0.0888393544666984,-0.09145407289662086,-0.011904557556628859,-0.005902981845250404,-0.8579490620135186,-0.8144219619036162,0.3930424881397278,0.4352354536981797,0.7569350046981798,0.4352354536981796,0.7569350046981798
432,1,JOINT,68,0.04116953617815766,0.03620046987588298,0.046138602480432334,0.042901055095561906,0.3257701938278009,0.6742298061721991,0.4674858507068501,0.22587692623845404,0.08805814175034787,-0.08794243672911321,-0.011901390114012662,-0.005750440174506258,-0.8636878789287601,-0.8207868238331982,0.37830406314094206,0.42047497173531506,0.7619552620995805,0.4204749717353151,0.7619552620995805
432,1,JOINT,69,0.0406324436581732,0.03606758950126616,0.04519729781508025,0.04226919013283804,0.3207230265847283,0.6792769734152717,0.4656162402752269,0.21984235540511768,0.08725036198790748,-0.08489078151684613,-0.011867912553839956,-0.0056034769062950135,-0.869440075725753,-0.827170885592915,0.36731349743855224,0.4091904699689079,0.7669773484918967,0.4091904699689079,0.7669773484918967
432,1,JOINT,70,0.04009335287712025,0.035911944552580476,0.044274761201660025,0.0416277272759737,0.3165242090985785,0.6834757909014216,0.4637623332392213,0.21477279472423605,0.08639085226431258,-0.08235407443093885,-0.011789586926398234,-0.005459871040282926,-0.8752209827014705,-0.8335932554254968,0.36073636436911033,0.40197347573623166,0.77203144809817,0.4019734757362316,0.77203144809817
432,1,JOINT,71,0.03955038847261142,0.03573512971506558,0.04336564723015726,0.04097537240132889,0.31325199425869527,0.6867480057413048,0.4618996343639014,0.21069006448103,0.08546658309981962,-0.08034025378847312,-0.011659202432285262,-0.005318207527136203,-0.8810429467060301,-0.8400675743047012,0.3584686701526293,0.3987356353970594,0.777139949218594,0.3987356353970595,0.777139949218594
432,1,JOINT,72,0.03900336476648644,0.035541159905280534,0.04246556962769235,0.040312578473958326,0.3109277526957382,0.6890722473042619,0.46000837793143046,0.20756803329546436,0.08448487549288036,-0.07882576933095087,-0.011478059010757014,-0.005179205964955829,-0.8869130433887433,-0.846600464914785,0.35964243283716135,0.39871360814176354,0.7823110249565017,0.39871360814176354,0.7823110249565018
432,1,JOINT,73,0.038452925123350426,0.03533522299006754,0.04157062725663331,0.03964016836254115,0.30959642896664774,0.6904035710333524,0.45806507731684953,0.2054092969990984,0.08347010764870098,-0.07779287556070016,-0.011252162846549337,-0.005045787104242218,-0.8928336260216527,-0.8531934576591116,0.3629741219286759,0.4007632309656431,0.787539376006723,0.4007632309656431,0.787539376006723
432,1,JOINT,74,0.03789929981402009,0.035122756398797306,0.04067584322924288,0.038957422079698,0.30945331885022875,0.6905466811497712,0.45604225496051254,0.2043653140125146,0.0824507447954515,-0.07729285219334187,-0.01098408855749722,-0.004922277887141307,-0.8988044279649676,-0.8598470058852696,0.3675456339528166,0.4040722705009615,0.7928111564908402,0.4040722705009615,0.7928111564908402
432,1,JOINT,75,0.0373425468608848,0.03490926699363556,0.03977582672813404,0.038262383665945324,0.31098828428223974,0.6890117157177602,0.4539159435858398,0.20487683632064485,0.0814050596997265,-0.07753356297372391,-0.010654394521662825,-0.004808904981980429,-0.9048179108061384,-0.866555527140193,0.37376643766618023,0.40906715554359446,0.7980954104804712,0.4090671555435944,0.7980954104804713
432,1,JOINT,76,0.036792662405877245,0.03470120198865918,0.03888412282309531,0.03756779465603112,0.31469114983660357,0.6853088501633964,0.4516862161402308,0.2074125479170792,0.08013258353032343,-0.0787980380638046,-0.010202433316886,-0.004684917567979217,-0.9108254511479272,-0.8732576564918961,0.3833578608125539,0.41739685058820836,0.8032853309069553,0.41739685058820836,0.8032853309069553
432,1,JOINT,77,0.036280919718765944,0.03450922888664258,0.03805261055088931,0.03692319478735448,0.31873951793869926,0.6812604820613007,0.4494447882241331,0.21028052985719875,0.07882680249353767,-0.08020182475789628,-0.00974724570009267,-0.004560417751338238,-0.9167718020161929,-0.8798486072288384,0.39354984705609664,0.42649451794093807,0.8083186923994937,0.42649451794093807,0.8083186923994937
432,1,JOINT,78,0.03580410629285128,0.034347125245897794,0.037261087339804766,0.036329576707128206,0.3196714997165993,0.6803285002834006,0.4473549502282696,0.21020231812358897,0.07801197437050457,-0.08004336447225446,-0.009518940772917841,-0.004472742316872736,-0.9228043614715127,-0.8864747847643845,0.3966322356122189,0.4287454068899704,0.8135635727927029,0.4287454068899704,0.8135635727927029
432,1,JOINT,79,0.03534333630735913,0.034214453111712353,0.0364722195030059,0.035754177920860136,0.3180318322190881,0.681968167780912,0.44541547437332984,0.20771687903648997,0.07759944278347927,-0.0786382970307625,-0.009467092457836435,-0.0044149227227868165,-0.9289879996470332,-0.893233821726173,0.393628695710615,0.4250781037929529,0.8191433037690329,0.4250781037929529,0.8191433037690329
432,1,JOINT,80,0.03489522161386524,0.03410240942933852,0.03568803379839196,0.03518904201103652,0.3146973502011197,0.6853026497988803,0.44355534968208277,0.20368474170273168,0.07756307604619657,-0.07639769394419593,-0.009558438864997259,-0.004389324021666654,-0.9352901515360741,-0.9001011095250375,0.38636847112406936,0.41736683657145246,0.8249800059858635,0.41736683657145246,0.8249800059858635
432,1,JOINT,81,0.03445824630919851,0.033998028632038824,0.0349184639863582,0.03463284307035724,0.31031067490032166,0.6896893250996783,0.44168408694443373,0.1987261251182203,0.07787836306430726,-0.07360470341445292,-0.009772527863445677,-0.004396935846947827,-0.941662569233596,-0.9070297261632388,0.3774383189605895,0.40818458484811715,0.8309608445085249,0.4081845848481171,0.8309608445085249
432,1,JOINT,82,0.03402871421322046,0.03388709069290128,0.03417033773353964,0.03408382023710669,0.3054488980289433,0.6945511019710566,0.4397129641008335,0.1933764699998084,0.07833143148563641,-0.07056910627072949,-0.010043927475566714,-0.00441710706467545,-0.9480598755008052,-0.9139760552636985,0.3705084163063971,0.40085076790437796,0.8369717003464615,0.40085076790437796,0.8369717003464615
432,1,JOINT,83,0.03360058492055153,0.03375865043713968,0.03344251940396338,0.03353757838361031,0.30069486912386306,0.6993051308761368,0.4375839365188622,0.18815712728632877,0.07852610401475696,-0.06767212595165392,-0.010253498886933722,-0.004408911603444705,-0.9544500460147323,-0.920912467631122,0.36909358391868996,0.39827660914918156,0.8429237378216033,0.3982766091491816,0.8429237378216033
432,1,JOINT,84,0.0331648191213093,0.03360859551388185,0.03272104272873675,0.03298446328157388,0.2967942383213548,0.7032057616786451,0.4352673971174894,0.18370847145111924,0.07813045111766419,-0.06533808583331782,-0.010283837426183776,-0.004340384937459688,-0.9608238228615811,-0.9278393595800072,0.3757972391158595,0.4028150302957364,0.8487778636949099,0.40281503029573645,0.8487778636949099
432,1,JOINT,85,0.03271403839745722,0.03344029922529172,0.031987777569622726,0.03241545522044582,0.29443805478143575,0.7055619452185642,0.4327100860281566,0.1805742456461014,0.07712666080804383,-0.06381936499280842,-0.01010148265619858,-0.004215449718987007,-0.9671905928445566,-0.9347751376241107,0.39055184270294074,0.41482148601698576,0.8545412625937823,0.41482148601698576,0.8545412625937823
432,1,JOINT,86,0.03225573889662496,0.03326593838810758,0.03124553940514234,0.031838956822457146,0.29371298556281983,0.7062870144371801,0.4299281925859083,0.17878778802504167,0.0757662483083334,-0.06302969877928696,-0.009772336711160222,-0.004063875071591463,-0.9735348360831066,-0.9416958792606495,0.4098004996595551,0.43139426435364947,0.8601669716242462,0.4313942643536496,0.8601669716242462
432,1,JOINT,87,0.03181179223223178,0.03310735368982873,0.03051623077463484,0.03127766714093699,0.2938634681655661,0.706136531834434,0.4271896680218697,0.17777785421083045,0.0743419174212147,-0.06262795938928782,-0.009403551792883783,-0.003913351339793404,-0.9798245540722825,-0.9485468869313456,0.4290026115817414,0.4484401309537844,0.865559473198236,0.44844013095378443,0.865559473198236
432,1,JOINT,88,0.03140151852021095,0.03298660090167317,0.02981643613874872,0.030746974948653274,0.2935301094717034,0.7064698905282967,0.42481977002871163,0.17650772562865083,0.0731984392342899,-0.062065017982949354,-0.009126851613245744,-0.0037921018136592645,-0.9860938350978218,-0.9553468601491685,0.4422815311552718,0.4602149283642092,0.8707748149518986,0.4602149283642092,0.8707748149518985
432,1,JOINT,89,0.031035922903053823,0.03291668264109927,0.02915516316500838,0.030251868455543167,0.2915591152739498,0.7084408847260502,0.42289048105354315,0.1740407381505438,0.07283969924976615,-0.06075688849383029,-0.00909870676108206,-0.003744576224484867,-0.9924292930545088,-0.9621774245989656,0.440180219788888,0.4571225879003703,0.8760208382688656,0.45712258790037025,0.8760208382688656
432,1,JOINT,90,0.03072042735077664,0.03289835832257876,0.028542496378974522,0.029796457442236385,0.28787897309350435,0.7121210269064957,0.42136283403996394,0.17033832084714004,0.07393299099840514,-0.05844262141735833,-0.009493724218953024,-0.0038378919814482416,-0.9988597637435683,-0.969063306301332,0.41816293664239546,0.4349419507987856,0.8813930683475021,0.4349419507987856,0.8813930683475021
432,1,JOINT,91,0.030439746110106764,0.03291252329413394,0.02796696892607959,0.02936773662468143,0.283237751393466,0.7167622486065338,0.42016326878282084,0.1660328786840209,0.07597424250499776,-0.05554494696008163,-0.01018947067580301,-0.004026499397415105,-1.0052981633890812,-0.9759304267643998,0.39214412030003615,0.4100741628312934,0.8866714757416592,0.4100741628312934,0.8866714757416592
432,1,JOINT,92,0.03017061736978834,0.032935234937561564,0.027405999802015114,0.028947047703178776,0.27870905530071294,0.7212909446992871,0.4191767786003364,0.16197120569204249,0.07777655047193792,-0.05284909680435987,-0.010852162296605562,-0.0041933091270374085,-1.0116789283734302,-0.9827318806702514,0.37446449667759896,0.3939653304538302,0.8917213398107354,0.3939653304538302,0.8917213398107354
432,1,JOINT,93,0.029894675637813437,0.032953717763166114,0.02683563351246076,0.02852482717535169,0.276098463779112,0.7239015362208882,0.41830589634963933,0.15954326602870844,0.07939797660012227,-0.05096739170315051,-0.0114162871497123,-0.004354210049825044,-1.0180626969396194,-0.9895378697642677,0.3633646408281935,0.3844490851519026,0.8967595907240767,0.3844490851519026,0.8967595907240767
432,1,JOINT,94,0.029582367013086676,0.03295797997915668,0.02620675404701667,0.02805565581140671,0.27386163386832024,0.7261383661316799,0.4175302968144135,0.15747071716409522,0.07821204702302317,-0.05036842711946262,-0.011168275404492877,-0.004212092753147747,-1.0244659758662116,-0.9964103200548049,0.3677590382134602,0.3868770716323617,0.9017789504905803,0.3868770716323616,0.9017789504905803
432,1,JOINT,95,0.02927194673804831,0.03296888847897717,0.025575004997119448,0.027584219700067334,0.27174010895328193,0.728259891046718,0.4169569187830606,0.15558170912870603,0.07598311984477214,-0.05028393294884974,-0.010623081229310887,-0.003963855879147019,-1.0308683523206237,-1.0032841326205564,0.3778170720642988,0.3933208466012131,0.9067747015072628,0.3933208466012131,0.9067747015072628
432,1,JOINT,96,0.028994262833014033,0.033011881616970606,0.02497664404905746,0.027135823808227374,0.2687138670040194,0.7312861329959807,0.41673539447206903,0.15313100346543915,0.07401875092287218,-0.04987468165861167,-0.010194441301572729,-0.003745986174889153,-1.037259448260119,-1.0101236244518916,0.3863927284050948,0.39834840786605374,0.911687076624254,0.39834840786605374,0.911687076624254
432,1,JOINT,97,0.028746912632490552,0.033101148011425816,0.024392677253555286,0.026681727763707946,0.26285332681215784,0.7371466731878421,0.4169634970751223,0.14868172963659113,0.07131476532138467,-0.04887099568275026,-0.00967420845405282,-0.003449649803647821,-1.043661966842043,-1.0169802390783351,0.3963610473982753,0.4048394836750499,0.9164758291070055,0.4048394836750499,0.9164758291070056
432,1,JOINT,98,0.02859832533540259,0.03326083307216735,0.023935817598637825,0.02636463088439501,0.26046211855108814,0.739537881448912,0.4176273479960126,0.14708658819585882,0.07592888139255431,-0.04646230273580415,-0.011067242832845521,-0.003897836185368448,-1.0501367923577964,-1.0237721614734014,0.35918953758480826,0.3711807622713798,0.9213664623993523,0.37118076227137986,0.9213664623993523
432,1,JOINT,99,0.028369547899447962,0.03340926005255933,0.0233298357463366,0.025794770094850494,0.24455110466895605,0.7554488953310439,0.41862183749964976,0.13551470315437583,0.06530281877300366,-0.04518799683195043,-0.008718950882418775,-0.00282246632833518,-1.056148789442708,-1.0303540193478575,0.46385948588873566,0.47552803739069577,0.9247228602168185,0.4755280373906958,0.9247228602168185
432,1,JOINT,100,0.028392689517339437,0.03368791861095165,0.023097460423727227,0.025777993073860375,0.2531082794290007,0.7468917205709994,0.4198480027044028,0.1422789979583287,0.08398411830418068,-0.04108033454284104,-0.01393342830041469,-0.004721790276332383,-1.0628871432831075,-1.037109150209247,0.3039062450553087,0.33025052296719165,0.9301369263607143,0.33025052296719165,0.9301369263607144
432,2,DETACHED,1,0.12182083997927559,0.005981883076662482,0.2376597968818887,0.01841629447315129,0.9463288874098611,0.05367111259013895,0.059055030420253396,1.0412581095593274,0.08055233889785329,0.0023853393917125302,-0.003428342613356322,-0.060448526113717836,-0.31416869446031703,-0.29575239998716574,0.0,0.08055233889785329,0.21467929959930196,0.08055233889785329,0.21467929959930196
432,2,DETACHED,2,0.1203323651425651,0.00584337587549421,0.23482135440963597,0.01757891473973491,0.9487481768361805,0.05125182316381954,0.05566893061085162,1.0305154658527316,0.0745476432784322,-0.00022278203028280633,-0.002928780921034624,-0.05421613101064771,-0.3218904888740398,-0.30431157413430493,0.0,0.0745476432784322,0.2088654284939469,0.0745476432784322,0.20886542849394693
432,2,DETACHED,3,0.11875827507567144,0.005712891281702982,0.23180365886963988,0.016738612763438944,0.9512332077980693,0.04876679220193084,0.05279346680700879,1.0297765449420626,0.06999102100201746,-0.0015643131419759931,-0.0025749432319780675,-0.05022621747008092,-0.3300772540776158,-0.3133386413141768,0.0,0.06999102100201746,0.20530259278325724,0.06999102100201746,0.20530259278325724
432,2,DETACHED,4,0.11708762398659506,0.005591577078013063,0.22858367089517706,0.015930617614526077,0.9536349457080294,0.046365054291970624,0.050073305500623826,1.0299061373207208,0.06548849922664485,-0.003072433771199409,-0.0022486295989153746,-0.0462497412809131,-0.3387887929869421,-0.322858175372416,0.0,0.06548849922664485,0.20266847553834616,0.06548849922664485,0.20266847553834613
432,2,DETACHED,5,0.11533011549336106,0.005480824853892731,0.22517940613282939,0.015193439688511378,0.9557911809075946,0.044208819092405455,0.047645317513873214,1.0300880056559854,0.06116450628280262,-0.004810144457085356,-0.001957068083253578,-0.04231165755637293,-0.3479790414804427,-0.3327856017919313,0.0,0.061164506282802615,0.20110980079852878,0.061164506282802615,0.2011098007985288
432,2,DETACHED,6,0.11350314127466547,0.0053811322695451564,0.2216251502797858,0.01455907310966326,0.9575574810134935,0.04244251898650655,0.045647079783322435,1.0298564688593652,0.05720797553170407,-0.006745918119994561,-0.0017089065300665398,-0.038555115749333055,-0.35756248799536605,-0.3430034148857028,0.0,0.05720797553170407,0.20082824306098854,0.05720797553170407,0.2008282430609885
432,2,DETACHED,7,0.11162551639506497,0.005292365296911879,0.21795866749321807,0.01404414183992593,0.958847375194705,0.0411526248052949,0.044164358521190494,1.0290201280126572,0.05376982819003459,-0.008810669552123328,-0.0015076405788766686,-0.03512770372807233,-0.36744230839729475,-0.35339816655736883,0.0,0.05376982819003459,0.2019785482906522,0.05376982819003459,0.2019785482906522
432,2,DETACHED,8,0.10971537111977181,0.005213785064062992,0.21421695717548062,0.013651160570612351,0.9596303949776827,0.04036960502231743,0.04322364357603651,1.0274740645670402,0.050933479756451634,-0.010928647508363865,-0.001351676319173488,-0.03213084892292991,-0.3775241187860326,-0.36387295821542026,0.0,0.050933479756451634,0.20463472127159013,0.050933479756451634,0.20463472127159013
432,2,DETACHED,9,0.10778968550317876,0.005144126660831064,0.21043524434552646,0.013369570659338406,0.9599327818403682,0.04006721815963182,0.04278928051534586,1.0251481127139288,0.04870173422184102,-0.013031422936343254,-0.0012354296889765287,-0.029598497539373922,-0.38771924558580917,-0.37434967492647075,0.0,0.04870173422184102,0.2087841489987147,0.04870173422184102,0.2087841489987147
432,2,DETACHED,10,0.10586372544455643,0.005081660504014145,0.2066457903850987,0.013177733097370409,0.9598337630900268,0.04016623690997327,0.04276733847514175,1.0219910697122736,0.047004564127380154,-0.015053333961790337,-0.001150943597614289,-0.027503560437552373,-0.397945453943342,-0.3847677208459716,0.0,0.047004564127380154,0.21433389171363781,0.04700456412738016,0.21433389171363784
432,2,DETACHED,11,0.1039496879786002,0.005024428835356915,0.20287494712184348,0.013047208735916555,0.9594502962638557,0.04054970373614434,0.043023725676994626,1.0179883585776444,0.04571812108698655,-0.01693576074977159,-0.0010892417271970696,-0.025772649404849947,-0.40813431624879803,-0.39508710751288145,0.0,0.04571812108698655,0.22113275459316564,0.04571812108698655,0.22113275459316564
432,2,DETACHED,12,0.10205647600021742,0.004970476719357736,0.1991424752810771,0.012947638449306582,0.9589170334083303,0.04108296659166967,0.04340659952274246,1.0131529219492037,0.04468937671600476,-0.018629985885682522,-0.0010413520261322526,-0.024306185226530663,-0.41823365060191847,-0.4052860121526119,0.0,0.04468937671600476,0.22899958406931692,0.04468937671600476,0.22899958406931692
432,2,DETACHED,13,0.10019051531523168,0.004917992472006969,0.1954630381584564,0.012851029651780858,0.9583666048561132,0.041633395143886684,0.04376775692498364,1.0074978622665456,0.04376240923626263,-0.02009660078989012,-0.0009991732038960501,-0.023000147544336637,-0.42820425658917527,-0.4153532269373944,0.0,0.04376240923626263,0.23774565857644933,0.04376240923626263,0.23774565857644933
432,2,DETACHED,14,0.09835683398354747,0.004865384433820225,0.1918482835332747,0.012734609175013335,0.957914735630409,0.04208526436959104,0.04397946459346434,1.001029168529011,0.042799638042730244,-0.02130551388603741,-0.0009561440848820423,-0.021763068903427232,-0.4380149305154012,-0.42528032134038785,0.0,0.04279963804273024,0.24718751036508493,0.042799638042730244,0.24718751036508493
432,2,DETACHED,15,0.09656034855062019,0.004811284338937256,0.18830941276230312,0.01258145432981843,0.9576553174812013,0.04234468251879867,0.043939960929389045,0.9937336810888775,0.04169181639997659,-0.02223257809514378,-0.000907532972980896,-0.020524508053138553,-0.44763627315302407,-0.4350548188232056,0.0,0.04169181639997659,0.25715007509351284,0.04169181639997659,0.25715007509351284
432,2,DETACHED,16,0.09480687217655087,0.004754544093509422,0.18485920025959232,0.012379907760040887,0.9576614851117465,0.04233851488825343,0.043572737088688474,0.985578549953207,0.040359478160715716,-0.02285743053593509,-0.0008504505520628823,-0.01923647394936394,-0.45703629338749946,-0.4446563856274586,0.0,0.040359478160715716,0.26746533099121156,0.040359478160715716,0.26746533099121156
432,2,DETACHED,17,0.09310333555967873,0.0046942732069735725,0.18151239791238388,0.012122765140231447,0.9579879497894562,0.042012050210543696,0.04282500257894866,0.9765254543573552,0.03875126747792902,-0.023164161594802387,-0.0007837576304983951,-0.01787178587596196,-0.46617935009186295,-0.4540565849516315,0.0,0.03875126747792902,0.2779710841455872,0.03875126747792902,0.2779710841455872
432,2,DETACHED,18,0.09145757099100307,0.004629858177855514,0.17828528380415062,0.011806499123326552,0.9586730969125312,0.04132690308746876,0.041666093475452505,0.9665414024326209,0.036842506285085105,-0.023141705749375956,-0.0007079421930885693,-0.016422356479188015,-0.4750268980562279,-0.46322039893290134,0.0,0.036842506285085105,0.288510625420227,0.036842506285085105,0.288510625420227
432,2,DETACHED,19,0.08987781726972932,0.00456096491457571,0.17519466962488292,0.011430535471959557,0.9597408345024997,0.04025916549750026,0.04008589405345965,0.9556102054086275,0.034633719665455885,-0.022784423039969474,-0.0006249054404813187,-0.014897160969964261,-0.48353950748622143,-0.4721089720142619,0.0,0.034633719665455885,0.2989343066019508,0.034633719665455885,0.2989343066019508
432,2,DETACHED,20,0.08837214601749102,0.0044875469718116305,0.1722567450631704,0.010996698744961703,0.9612017471192447,0.03879825288075532,0.038093477262415576,0.94374138472207,0.03214892395603722,-0.022093169248611547,-0.0005376359929789242,-0.013319585738920288,-0.49167920358687883,-0.4806825048419171,0.0,0.03214892395603722,0.30910245262649677,0.03214892395603721,0.30910245262649677
432,2,DETACHED,21,0.08694784139004105,0.004409877892631225,0.16948580488745088,0.010508978685054696,0.9630527545508506,0.0369472454491494,0.03571659970662645,0.9309752137814268,0.029434365137296088,-0.02107687913300547,-0.00044981017236160397,-0.011724579742055133,-0.4994121865452737,-0.488903207860219,0.0,0.029434365137296088,0.3188888509157128,0.029434365137296088,0.3188888509157128
432,2,DETACHED,22,0.08561071869636383,0.004328606735562105,0.16689283065716556,0.009973740108097975,0.9652744420859892,0.03472555791401086,0.033002699547987,0.9173837457817011,0.026557574063786882,-0.019755388513810476,-0.0003653389696247111,-0.010155412648805179,-0.5067119654979886,-0.4967382253898906,0.0,0.026557574063786882,0.3281849465847916,0.026557574063786882,0.3281849465847916
432,2,DETACHED,23,0.08436485942920098,0.004244756080657482,0.1644849627777445,0.009400305594951731,0.9678261179228249,0.03217388207717514,0.030021029335064727,0.9030659156302215,0.023608252664711435,-0.0181615071397917,-0.00028793890945878455,-0.008661522295381491,-0.5135601413209789,-0.5041598357260272,0.0,0.023608252664711435,0.33690094026619055,0.02360825266471144,0.33690094026619055
432,2,DETACHED,24,0.08321267024639517,0.00415964193897816,0.16226569855381218,0.008801443553507102,0.9706412156882962,0.029358784311703797,0.026863432706341794,0.8881415082725242,0.02069999099394361,-0.016340335773097445,-0.0002207250321868407,-0.007297468835903573,-0.5199452543563297,-0.5111438108028226,0.0,0.02069999099394361,0.34496371569654466,0.02069999099394361,0.34496371569654466
432,2,DETACHED,25,0.08215488180211115,0.004074739501090364,0.16023502410313195,0.008193919969711073,0.9736220993761762,0.02637790062382388,0.023644890587975163,0.8727452704478,0.01797357664480522,-0.014346578694406937,-0.0001659008446982015,-0.006123486891805886,-0.5258622841369092,-0.5176683641671981,0.0,0.017973576644805225,0.3523157249141083,0.01797357664480522,0.3523157249141083
432,2,DETACHED,26,0.08119008110112985,0.003991530555059401,0.1583886316472003,0.007599657538151144,0.9766308631601931,0.02336913683980692,0.020507161491547573,0.8570246717174451,0.01560133981741548,-0.01224276837727688,-0.0001246130003053925,-0.005207761967567916,-0.5313152336070172,-0.523715576068866,0.0,0.01560133981741548,0.35891939975886367,0.015601339817415478,0.35891939975886367
432,2,DETACHED,27,0.08031395137218245,0.0039113240137699885,0.1567165787305949,0.007047049350799356,0.9794789430321593,0.02052105696784066,0.017622543432784316,0.8411316357696458,0.013781489135068109,-0.010098252425737683,-9.695432665047317e-05,-0.004627672031651343,-0.5363219541895253,-0.529274904838726,0.0,0.013781489135068109,0.36476613021740795,0.01378148913506811,0.36476613021740795
432,2,DETACHED,28,0.07951833375746296,0.003835069452325956,0.15520159806259998,0.006570413627202117,0.9819290024023812,0.01807099759761881,0.01518671759716254,0.8252050491066122,0.012698546144419865,-0.00798839177734179,-8.211035308430645e-05,-0.004461653910108666,-0.5409196592908182,-0.5343492456636161,0.0,0.012698546144419863,0.36988690069317387,0.012698546144419863,0.36988690069317387
432,2,DETACHED,29,0.07879019229821843,0.0037632290905436063,0.15381715550589325,0.006203678759125539,0.9837361825386245,0.016263817461375597,0.013380654417845349,0.8093446651218399,0.012439772033758874,-0.00599347865618496,-7.86531648416894e-05,-0.004757429447895465,-0.5451699947176143,-0.5389663159584888,0.0,0.012439772033758874,0.37436210020243993,0.012439772033758874,0.37436210020243993
432,2,DETACHED,30,0.07811130175461779,0.003695754217931675,0.15252684929130392,0.005964968152817345,0.9847530925323974,0.015246907467602582,0.012287033782646626,0.7935835211974207,0.012915310916021919,-0.004195959513632589,-8.469394882962869e-05,-0.005470134071842156,-0.5491599374461749,-0.5431949692933575,0.0,0.012915310916021919,0.3783237251455367,0.012915310916021919,0.3783237251455367
432,2,DETACHED,31,0.07745973028786172,0.0036322022596727388,0.15128725831605072,0.0058405817830459485,0.9850436579528303,0.014956342047169734,0.011810850035020413,0.7778775642691604,0.01385318655421899,-0.0026742839271660106,-9.741232084313549e-05,-0.006415699009180861,-0.5529940580209722,-0.5471534762379263,0.0,0.01385318655421899,0.3819418208005804,0.01385318655421899,0.3819418208005804
432,2,DETACHED,32,0.07681328179583555,0.003571996239204886,0.1500545673524662,0.005789311831873333,0.9848629391482076,0.015137060851792424,0.011713619009608331,0.7621234636510779,0.014888388558296507,-0.0014927876456167874,-0.00011253551385258144,-0.007321900732022439,-0.5567777548796541,-0.5509884430477807,0.0,0.014888388558296507,0.3853940310397015,0.014888388558296507,0.3853940310397015
432,2,DETACHED,33,0.07615389416243121,0.0035147212712885543,0.14879306705357387,0.0057674053180712895,0.9844940136490912,0.015505986350908866,0.011752847487311913,0.7462026428206642,0.0157067855151236,-0.0006896189948173281,-0.0001252943683749155,-0.007955092492508108,-0.5605966614559301,-0.5548292561378588,0.0,0.0157067855151236,0.3888275602635644,0.015706785515123604,0.3888275602635644
432,2,DETACHED,34,0.07547082592920551,0.0034603072900030677,0.14748134456840795,0.00574868677922694,0.9841107970580698,0.01588920294193022,0.01178689151902716,0.7300307793927455,0.016147502728278793,-0.00026731698644892675,-0.0001324758579721107,-0.008205000757832105,-0.5645021250789273,-0.5587534382997004,0.0,0.016147502728278793,0.3923313902367306,0.016147502728278793,0.3923313902367306
432,2,DETACHED,35,0.07476133438013179,0.003408978043448898,0.14611369071681468,0.005725745112356732,0.9837653079179618,0.016234692082038246,0.011776117864175087,0.713591373226337,0.016197626297996412,-0.00018966716177182895,-0.00013334638636770466,-0.008080322569832364,-0.5685084914639655,-0.5627827463516089,0.0,0.016197626297996412,0.3959295152738427,0.01619762629799641,0.3959295152738427
432,2,DETACHED,36,0.07402931287060832,0.003360978756026323,0.14469764698519033,0.005697587652381583,0.9834677799778988,0.0165322200221012,0.011715782143187041,0.69694779283493,0.015904909787476374,-0.00038597790377411676,-0.0001286092744967439,-0.007650701327758234,-0.5725998807591574,-0.5669022931067758,0.0,0.015904909787476378,0.3995916754685031,0.015904909787476378,0.3995916754685031
432,2,DETACHED,37,0.07328298781383566,0.0033163179446574183,0.1432496576830139,0.005657483506904386,0.9832694226649317,0.016730577335068365,0.011574364578714622,0.6802346714701496,0.015294391806657925,-0.0007635891573109172,-0.000118949300844514,-0.006990745628522247,-0.5767412841375518,-0.5710838006306473,0.0,0.015294391806657925,0.4032526300347898,0.015294391806657927,0.4032526300347898
432,2,DETACHED,38,0.07253263432769373,0.003274796099288467,0.141790472556099,0.005594023385610814,0.9832565717783901,0.0167434282216099,0.01130080717266214,0.6636390571782214,0.014371676114467373,-0.0012266813300425543,-0.0001050311181574812,-0.006167944569218349,-0.5808901013939554,-0.5752960780083446,0.0,0.014371676114467373,0.406833131808614,0.014371676114467371,0.406833131808614
432,2,DETACHED,39,0.07178883495733318,0.003236275448253995,0.14034139446641236,0.005506053304157769,0.9834449809594407,0.01655501904055939,0.010897863218697684,0.6473836640932424,0.013211867670679195,-0.0016944334507101335,-8.87459139693027e-05,-0.005271919256628049,-0.5850058858334448,-0.579499832529287,0.0,0.013211867670679195,0.4102584675243265,0.013211867670679195,0.41025846752432654
432,2,DETACHED,40,0.07106102088456193,0.0032008419994430473,0.13892119976968081,0.0054179148188342185,0.9836644048408385,0.016335595159161557,0.010490937472426382,0.6317224236087404,0.012045570465291705,-0.0021125155881957596,-7.375267780365856e-05,-0.004441092180009529,-0.5890589423605461,-0.5836410275417119,0.0,0.012045570465291705,0.41347549489471225,0.012045570465291705,0.41347549489471225
432,2,DETACHED,41,0.07035557900183438,0.0031686049818246942,0.13754255302184407,0.005375990864726454,0.9835728136659023,0.016427186334097697,0.010304468932535385,0.616976960946088,0.01122642094411116,-0.0024574552045185847,-6.406873261606238e-05,-0.003836095989024415,-0.5930425590046038,-0.5876665681398774,0.0,0.01122642094411116,0.4164773971508324,0.01122642094411116,0.4164773971508324
432,2,DETACHED,42,0.06967317668284695,0.0031392527920379174,0.13620710057365598,0.005414050404329339,0.982904979300299,0.017095020699700997,0.010500429300524066,0.6037386222326352,0.011004223955247753,-0.0027361545042937137,-6.159951745460227e-05,-0.0035417606970012767,-0.5969985186704554,-0.5915844682661261,0.0,0.011004223955247753,0.41935605379509594,0.011004223955247753,0.4193560537950959
432,2,DETACHED,43,0.06900591960647519,0.0031117614494207135,0.13490007776352966,0.005509283963185297,0.9818077764340639,0.018192223565936177,0.01100260300564007,0.5937944392999399,0.011263840463386922,-0.0029816298027671583,-6.461249596404732e-05,-0.0034870421838426747,-0.6010716394966625,-0.5955623555334773,0.0,0.011263840463386922,0.42241143673402165,0.01126384046338692,0.42241143673402165
432,2,DETACHED,44,0.06834733880504579,0.0030846102834036658,0.1336100673266879,0.0055730267963788795,0.980935393222565,0.01906460677743512,0.011539696617065935,0.5937545405934453,0.011601536469051153,-0.0032531539655642917,-6.860576617617539e-05,-0.003529987531713252,-0.6054452963846693,-0.5998722695882904,0.0,0.011601536469051153,0.4259643020106617,0.011601536469051151,0.4259643020106617
432,2,DETACHED,45,0.06775397091223744,0.0030563805913051633,0.1324515612331697,0.005554624595732258,0.9806929130433254,0.019307086956674588,0.01187545652997381,0.6032073136788373,0.011671089020457139,-0.003566341192478273,-6.944799799803256e-05,-0.0035275730416790027,-0.6093931825710455,-0.6038385579753132,0.0,0.011671089020457137,0.42852052586694367,0.011671089020457139,0.42852052586694367
432,2,DETACHED,46,0.06710446421180839,0.003026431156196675,0.13118249726742012,0.005618018630927998,0.9797778790082231,0.02022212099177692,0.011958578863128613,0.5794026768622933,0.011160666888828785,-0.003785459290558142,-6.356567548222519e-05,-0.0030798076387251907,-0.6131884842933828,-0.6075704656624548,0.0,0.011160666888828785,0.4308511095471284,0.011160666888828786,0.4308511095471284
432,2,DETACHED,47,0.06653878284148712,0.002994956918447856,0.13008260876452638,0.005658222640059144,0.9790438671033368,0.020956132896663218,0.011850359301881058,0.5536337097444627,0.010412200175455444,-0.003918704156334294,-5.536723947544597e-05,-0.002586686986295473,-0.6162670274145412,-0.6106088047744821,0.0,0.010412200175455444,0.43169628528733844,0.010412200175455444,0.43169628528733844
432,2,DETACHED,48,0.06597897017493379,0.0029623376430803388,0.12899560270678723,0.005573419984807855,0.9792825938421282,0.020717406157871685,0.011556108155731909,0.546240947502276,0.009671204459825644,-0.004007330361250736,-4.775546726343115e-05,-0.002257333639911611,-0.6199266854641605,-0.6143532654793527,0.0,0.009671204459825642,0.43357719093241376,0.009671204459825644,0.4335771909324137
432,2,DETACHED,49,0.06543827794210991,0.002928982227602746,0.12794757365661708,0.005363242226758116,0.9805288159838407,0.019471184016159267,0.01101763301268206,0.5548253585351586,0.008956165413023968,-0.004012174479877584,-4.0902876895546934e-05,-0.0020597848296969898,-0.623901895729758,-0.6185386535029999,0.0,0.008956165413023968,0.4359531221310015,0.00895616541302397,0.4359531221310015
432,2,DETACHED,50,0.06497067035163287,0.0028956127117952908,0.12704572799147046,0.005143145521620056,0.9818966514468254,0.01810334855317458,0.010236740629524713,0.5552244280297735,0.008197442300546996,-0.003793513311309247,-3.42184995598981e-05,-0.0018559566500478582,-0.6271862456011928,-0.6220431000795728,0.0,0.008197442300546996,0.4369456249001479,0.008197442300546996,0.43694562490014793
432,2,DETACHED,51,0.06451973378237201,0.002862824631187296,0.12617664293355674,0.004907687618501215,0.9834174059690549,0.016582594030945086,0.0092331583933607,0.5475650347078231,0.007378298550079188,-0.003386617277080042,-2.7678628201855157e-05,-0.0016414587908414834,-0.6303397534102526,-0.6254320657917514,0.0,0.007378298550079188,0.4376679606261779,0.007378298550079188,0.4376679606261779
432,2,DETACHED,52,0.06409340485665734,0.0028307449908604237,0.12535606472245425,0.00465637681662526,0.9850999627688047,0.01490003723119514,0.008120809245315622,0.5368985836132246,0.006633705865412931,-0.002861005635044483,-2.2335831474973758e-05,-0.0014767095150836809,-0.6333863812710119,-0.6287300044543866,0.0,0.006633705865412931,0.4381432007846433,0.00663370586541293,0.4381432007846433
432,2,DETACHED,53,0.0636954193080493,0.0027989764648619804,0.1245918621512366,0.004425836428428963,0.9866424056347901,0.013357594365209993,0.007107009746148574,0.5249506012155125,0.0061580149076868275,-0.0022921515513772014,-1.9217270303162847e-05,-0.001419460217404837,-0.6363129928033444,-0.6318871563749154,0.0,0.006158014907686828,0.43833057772949185,0.006158014907686828,0.43833057772949185
432,2,DETACHED,54,0.0633239016782653,0.0027669307060518185,0.12388087265047878,0.004263084944078504,0.9876467216407406,0.012353278359259371,0.006413310647016917,0.5127452851932391,0.006124347007442116,-0.001751282028063869,-1.8988381900997542e-05,-0.0015181243867726597,-0.6391226043911011,-0.6348595194470227,0.0,0.006124347007442116,0.438224269753257,0.006124347007442115,0.438224269753257
432,2,DETACHED,55,0.06297113570928187,0.002734396576133168,0.12320787484243058,0.004193960656074398,0.9878847684905803,0.012115231509419655,0.006159107386778919,0.5022180855698873,0.006577701341377837,-0.001285706827278672,-2.1898381428874284e-05,-0.0017856099118999148,-0.6418701849226041,-0.6376762242665297,0.0,0.006577701341377837,0.4379247934631502,0.006577701341377837,0.4379247934631502
432,2,DETACHED,56,0.06261960868536333,0.0027017190532299283,0.12253749831749672,0.004189014971383678,0.9875888826585429,0.01241111734145696,0.006222115721364855,0.49511193424213595,0.007297357989614912,-0.000908371598689078,-2.6960324566051325e-05,-0.0021453118266282272,-0.6446902901176536,-0.6405012751462699,0.0,0.0072973579896149126,0.4376988369450004,0.0072973579896149126,0.4376988369450004
432,2,DETACHED,57,0.062257454555312945,0.002669358459738249,0.12184555065088765,0.0041645461940810835,0.9874539729214987,0.012546027078501294,0.006236434165552435,0.4908479517145886,0.0078021181544768075,-0.0006043286902832786,-3.082323296361679e-05,-0.0024259890129173967,-0.6476414229430726,-0.6434768767489915,0.0,0.0078021181544768075,0.43766804962952777,0.0078021181544768075,0.43766804962952777
432,2,DETACHED,58,0.06188289378440466,0.002637579473035138,0.12112820809577418,0.004043799205955532,0.988132228267624,0.011867771732375907,0.005853480866201995,0.4873714478062454,0.007657959475849761,-0.0003524056659581544,-2.967433995983077e-05,-0.002470739438549036,-0.6506897787899949,-0.6466459795840394,0.0,0.007657959475849761,0.43776491998046396,0.007657959475849761,0.4377649199804639
432,2,DETACHED,59,0.06149471087456708,0.0026067671085581406,0.12038265464057601,0.0038277680965422894,0.989632844094236,0.010367155905763939,0.005066463831528478,0.48363688717254216,0.006875798337671251,-0.00014632847338323621,-2.388593055619166e-05,-0.0022801143925132764,-0.6538244036888393,-0.649996635592297,0.0,0.006875798337671251,0.43796390518628564,0.00687579833767125,0.43796390518628564
432,2,DETACHED,60,0.06109299594387033,0.0025775140873199633,0.1196084778004207,0.00362200661376192,0.991075075404809,0.008924924595190988,0.004325309153325522,0.48030726193373174,0.006054029093544349,-5.67704691721611e-06,-1.849066189587658e-05,-0.0020533096876375963,-0.6570361488535492,-0.6534141422397873,0.0,0.006054029093544349,0.4382440486013091,0.00605402909354435,0.43824404860130906
432,2,DETACHED,61,0.06067337241649698,0.002549917585877737,0.11879682724711622,0.0035388137184761536,0.9914931404586994,0.008506859541300607,0.004115473427624078,0.4796674558241814,0.005823562397279383,3.636919412334144e-05,-1.7102427445598187e-05,-0.001993325435218208,-0.6603273754091658,-0.6567885616906896,0.0,0.005823562397279383,0.4386035572424233,0.005823562397279384,0.4386035572424233
432,2,DETACHED,62,0.06024949533685605,0.0025234080260376577,0.11797558264767444,0.0035575359736301276,0.9910428023466726,0.008957197653327396,0.004375523108538237,0.48411689135915287,0.006090843598254673,-2.867825757849494e-05,-1.871683828920171e-05,-0.0020708695495079716,-0.663658040837789,-0.6601005048641588,0.0,0.0060908435982546735,0.43898201495662675,0.006090843598254673,0.43898201495662675
432,2,DETACHED,63,0.05986579063583343,0.002497575326773723,0.11723400594489314,0.0036456469125770528,0.9899938356142132,0.010006164385786845,0.00493782849223862,0.4885408214540393,0.006638227720297129,-0.00018812906082600763,-2.2255728107226895e-05,-0.0022019459988641813,-0.6668598141959377,-0.6632141672833606,0.0,0.006638227720297128,0.43910183233424094,0.006638227720297129,0.4391018323342409
432,2,DETACHED,64,0.05947249623771311,0.002472216481874435,0.1164727759935518,0.0037876814431287535,0.9884608903071255,0.011539109692874553,0.005658463162530116,0.48471413170276,0.00736778816771768,-0.0003630904109137826,-2.745900369790753e-05,-0.002352187643986148,-0.6700672588509016,-0.6662795774077728,0.0,0.007367788167717679,0.43917041288391645,0.00736778816771768,0.4391704128839165
432,2,DETACHED,65,0.05906250465763319,0.0024468997748062866,0.1156781095404601,0.0038914182223048115,0.9872427535616007,0.012757246438399246,0.006161360592625028,0.47680811266920403,0.007902892187907795,-0.0004583032352243812,-3.163138179965229e-05,-0.002447852098619915,-0.6733183307253556,-0.6694269125030509,0.0,0.007902892187907795,0.43924756857937935,0.007902892187907795,0.4392475685793793
432,2,DETACHED,66,0.058643012367058586,0.00242150828521922,0.11486451644889795,0.00391522856719099,0.9867157566631672,0.01328424333683267,0.0062499771247128445,0.46423049859676024,0.008016442662733611,-0.00045008464587885074,-3.2564268144566056e-05,-0.002418781082800373,-0.6765973226506989,-0.672682094083508,0.0,0.008016442662733611,0.4392967629086593,0.00801644266273361,0.4392967629086593
432,2,DETACHED,67,0.05824746845885065,0.0023963973641763074,0.11409853955352499,0.0038866565860682795,0.9866586334632168,0.01334136653678317,0.0060717669150642094,0.4490365533851001,0.00786039088990247,-0.000379564363092069,-3.131059864402693e-05,-0.0023155703267620184,-0.6798042909555801,-0.6759176343695119,0.0,0.00786039088990247,0.43913688912715954,0.007860390889902468,0.43913688912715954
432,2,DETACHED,68,0.05785179171013318,0.00237163853850349,0.11333194488176287,0.003803401486971972,0.9870966204433568,0.012903379556643217,0.00579611085071637,0.44339712765494954,0.00766150306021799,-0.0002657011558187468,-2.9732970372933197e-05,-0.0022745447765856446,-0.6830738857789082,-0.6792704842919361,0.0,0.007661503060217991,0.4390955023456488,0.00766150306021799,0.4390955023456488
432,2,DETACHED,69,0.05743833387739482,0.002347027450523036,0.1125296403042666,0.00370102503531158,0.9877113316727582,0.012288668327241802,0.005541143886942041,0.44537377540161144,0.007539960637008997,-0.00012595344837994116,-2.8779160765202508e-05,-0.0023131475638257927,-0.6864668498166344,-0.6827658247813229,0.0,0.007539960637008997,0.43932507171638213,0.007539960637008998,0.43932507171638213
432,2,DETACHED,70,0.05705504146740883,0.0023225468607939743,0.11178753607402368,0.0036341759196683344,0.988017821329892,0.01198217867010797,0.005423719187095721,0.4472251134184732,0.007579678026165477,8.24358737157725e-07,-2.907413092154799e-05,-0.0023973736564144427,-0.6897641084004384,-0.6861299324807701,0.0,0.007579678026165477,0.4393345151266065,0.007579678026165476,0.4393345151266065
432,2,DETACHED,71,0.056671480368255714,0.0022982853440227527,0.11104467539248868,0.0035973907716549966,0.9880538064109231,0.011946193589076936,0.005368675619942056,0.44403603056621355,0.007712143125155826,0.0001355894069395575,-3.0098133925994025e-05,-0.0024893766846902396,-0.693053150285214,-0.689455759513559,0.0,0.007712143125155826,0.4392360883451961,0.007712143125155827,0.4392360883451961
432,2,DETACHED,72,0.05627932432428295,0.0022743503306273906,0.11028429831793851,0.0035339446728958456,0.9883381636067778,0.011661836393222137,0.005159008911424507,0.4372249122369569,0.007670995655343785,0.00029705977432552033,-2.9769251310483182e-05,-0.002522937741542296,-0.6963726181650546,-0.6928386734921588,0.0,0.007670995655343785,0.43909096766943584,0.007670995655343785,0.43909096766943584
432,2,DETACHED,73,0.05588303636746106,0.002251098081728027,0.1095149746531941,0.003456447195979806,0.9887627675525162,0.011237232447483824,0.004835237631835378,0.4254519931816606,0.007473281229528416,0.0004561203140440708,-2.8242331815278126e-05,-0.0024850394702001267,-0.699712508026478,-0.6962560608304982,0.0,0.007473281229528416,0.43885402429180326,0.007473281229528416,0.43885402429180326
432,2,DETACHED,74,0.05550999129385249,0.002228762819957402,0.10879121976774758,0.003406425777401249,0.9889486129432917,0.01105138705670833,0.004658595452206227,0.4168808392179786,0.007406019799654062,0.0005672014046378479,-2.7731030993423905e-05,-0.0024815495553372137,-0.7030064505164346,-0.6996000247390334,0.0,0.007406019799654062,0.43844317136260874,0.0074060197996540615,0.43844317136260874
432,2,DETACHED,75,0.055104220938216736,0.00220698617794649,0.10800145569848699,0.0033991178651563677,0.9887316256453422,0.011268374354657733,0.004711972955222463,0.4134470983463792,0.007633302927246633,0.0006667497927336074,-2.946568718335529e-05,-0.002585435651373593,-0.7065222210190358,-0.7031231031538795,0.0,0.007633302927246633,0.43860385267935165,0.007633302927246633,0.43860385267935165
432,2,DETACHED,76,0.05470531866308201,0.0021852102861082646,0.10722542704005575,0.0034294431138892707,0.9881547004925211,0.011845299507478854,0.004989092135174334,0.41619841199035107,0.008060462599005263,0.0006989053911930096,-3.2874942191531084e-05,-0.002742482672934586,-0.7100819077678895,-0.7066524646540002,0.0,0.008060462599005263,0.43887251351505296,0.008060462599005263,0.43887251351505296
432,2,DETACHED,77,0.05429744373074762,0.002163195027676721,0.10643169243381853,0.003487058026210873,0.987303327165275,0.012696672834724974,0.00531765378850468,0.4135049667299256,0.008464034164902857,0.0006586109247976009,-3.6280579824608586e-05,-0.0028212065978698827,-0.7136923255717242,-0.7102052675455134,0.0,0.008464034164902857,0.4390719080070986,0.00846403416490286,0.43907190800709867
432,2,DETACHED,78,0.053868302888916364,0.0021411252725667164,0.10559548050526602,0.0034932247813873212,0.9869304728082318,0.013069527191768147,0.005368813591575187,0.4054198486759274,0.008470702543662851,0.000604769883159353,-3.635149767898515e-05,-0.0027450419793460428,-0.7174061299793255,-0.7139129051979382,0.0,0.008470702543662853,0.4392888042757837,0.008470702543662851,0.4392888042757837
432,2,DETACHED,79,0.053439896121154844,0.0021194745978084396,0.10476031764450125,0.0034375514891129924,0.9871583586788649,0.012841641321135102,0.005156542457235566,0.39639200794097534,0.0081326266376283,0.0005646888187763794,-3.3500003036786034e-05,-0.00257520103439609,-0.7211683234001853,-0.7177307719110724,0.0,0.0081326266376283,0.4394683313219604,0.008132626637628298,0.4394683313219604
432,2,DETACHED,80,0.05300045252759616,0.0020983012903758413,0.10390260376481647,0.003370321169119361,0.9875052443970834,0.012494755602916468,0.004981381452102785,0.39369640068395223,0.007907444943740308,0.0005726646773590493,-3.165941947805054e-05,-0.002502157206007664,-0.725082194963433,-0.7217118737943136,0.0,0.007907444943740308,0.4401005749142881,0.007907444943740308,0.44010057491428817
432,2,DETACHED,81,0.052563238282958925,0.0020773132329954284,0.10304916333292242,0.0033507599383493574,0.9873881016927623,0.012611898307237707,0.005046888343315625,0.3951219221219036,0.008002165267747455,0.0005769502749289866,-3.242628145030496e-05,-0.0025386602164241814,-0.7290486680250094,-0.7256979080866601,0.0,0.008002165267747455,0.44088386806178004,0.008002165267747455,0.44088386806178004
432,2,DETACHED,82,0.05212798071048163,0.002056371706595033,0.10219958971436822,0.003384514124058599,0.9867375700133735,0.0132624299866265,0.005289555368234153,0.39354801614528234,0.008277454275833481,0.0005361201634637046,-3.471857734553746e-05,-0.0025830956075773457,-0.7330053765868254,-0.7296208624627668,0.0,0.008277454275833481,0.4414881680306995,0.00827745427583348,0.4414881680306995
432,2,DETACHED,83,0.05168660256845141,0.0020352411338949734,0.10133796400300785,0.0034043821339245616,0.9862124525846668,0.013787547415333218,0.005425889438939037,0.38810961586092824,0.00837767575191743,0.0004749913228066064,-3.55833323845806e-05,-0.002545247856272523,-0.736982088259799,-0.7335777061258745,0.0,0.00837767575191743,0.4419416655049471,0.008377675751917429,0.4419416655049471
432,2,DETACHED,84,0.05124984777280265,0.0020139440244734256,0.10048575152113187,0.003360926219850991,0.9863211387135017,0.013678861286498409,0.005294231434772776,0.38174320712733895,0.008122251365512253,0.00042382634579137224,-3.344294502833744e-05,-0.0024114202879475678,-0.7409714568546203,-0.7376105306347693,0.0,0.008122251365512253,0.44228339673079475,0.008122251365512253,0.4422833967307947
432,2,DETACHED,85,0.05081043343639428,0.00199279963839081,0.09962806723439774,0.0032829169491978916,0.9867863596569909,0.013213640343009056,0.005097175044556175,0.38065383014705545,0.007862407814803803,0.00043021655225346,-3.132261408020262e-05,-0.002339153141813553,-0.7450703013618548,-0.7417873844126569,0.0,0.007862407814803803,0.4430170774343623,0.007862407814803801,0.4430170774343623
432,2,DETACHED,86,0.050375905125260294,0.001971728621031162,0.09878008162948942,0.0032219065165587017,0.9870860534584417,0.01291394654155835,0.005009168526559816,0.3828791125995715,0.00780347211427782,0.00047062988105737313,-3.0845424684584164e-05,-0.0023576904566837147,-0.7492115844568392,-0.7459896779402805,0.0,0.00780347211427782,0.44389647410456506,0.007803472114277821,0.44389647410456506
432,2,DETACHED,87,0.04994422517271938,0.0019510303632060686,0.0979374199822327,0.0031853493413591077,0.9871406875177605,0.012859312482239357,0.004983511540077229,0.3825575445591666,0.007854291022464797,0.0005234132284201945,-3.124675552615249e-05,-0.0023986464109482576,-0.7533516291547749,-0.7501662798134159,0.0,0.007854291022464797,0.44460915202299134,0.007854291022464798,0.44460915202299134
432,2,DETACHED,88,0.04951045948055242,0.0019306163133462292,0.0970903026477586,0.0030830474977289876,0.9878895020698906,0.012110497930109378,0.004640330848479897,0.3785256525206273,0.007508672894871301,0.0005997908968719034,-2.8535665438312458e-05,-0.0023277394937660403,-0.7575092205095127,-0.7544261730117837,0.0,0.0075086728948713,0.44514406829346104,0.0075086728948713,0.44514406829346104
432,2,DETACHED,89,0.049083870161549255,0.0019104295718956532,0.09625731075120286,0.002980239674202448,0.988660885352706,0.01133911464729406,0.004294681676509392,0.3744546131402835,0.007159206060980875,0.0006778208695473029,-2.592103732580676e-05,-0.002260063197959485,-0.7616635907707373,-0.7586833510965348,0.0,0.007159206060980875,0.44555947024031545,0.007159206060980875,0.44555947024031545
432,2,DETACHED,90,0.04865850718351662,0.0018903091074850618,0.09542670525954819,0.002939440857510989,0.9887837056676809,0.011216294332318966,0.004237611515646141,0.3735709043892691,0.007163683941454825,0.0007305722175440201,-2.5950249442270476e-05,-0.0022876703344520597,-0.765846397530651,-0.76290695667314,0.0,0.007163683941454825,0.44612455224535763,0.007163683941454824,0.44612455224535763
432,2,DETACHED,91,0.04823551431219112,0.001870234810256799,0.09460079381412544,0.002963826618604686,0.9882067808056428,0.011793219194357097,0.0044717847820502695,0.3747109225308063,0.007484558574818575,0.0007277519847482262,-2.8343570469239585e-05,-0.0023750350153202635,-0.7700353816662355,-0.7670715550476308,0.0,0.007484558574818575,0.44672302872126524,0.007484558574818575,0.44672302872126524
432,2,DETACHED,92,0.04781307488231742,0.0018503057276975775,0.09377584403693726,0.0030022791703161137,0.9874684068888095,0.012531593111190389,0.004727947113026201,0.37255426043042383,0.007727024173362499,0.0006510705453232011,-3.0232310299346867e-05,-0.002382255075071488,-0.7742208190480734,-0.7712185398777572,0.0,0.007727024173362499,0.44705533827544813,0.007727024173362498,0.44705533827544813
432,2,DETACHED,93,0.047389766929227625,0.0018307225577422217,0.09294881130071303,0.002968544174845254,0.987512670285341,0.012487329714658973,0.004672459941026027,0.3695036087456997,0.007497486660622196,0.0005527444367275357,-2.8461562022270185e-05,-0.002250773684634102,-0.7784551110642469,-0.7754865668894017,0.0,0.007497486660622196,0.4473472629246056,0.007497486660622195,0.4473472629246056
432,2,DETACHED,94,0.04696668217845359,0.0018112288769342793,0.0921221354799729,0.0029558415522638777,0.98732586441236,0.012674135587639938,0.004763130288251078,0.3710518714777214,0.007541977872947658,0.0005054338345978214,-2.880580378084543e-05,-0.0022439964383647567,-0.7827736624972534,-0.7798178209449895,0.0,0.007541977872947658,0.4480139628880327,0.007541977872947658,0.4480139628880327
432,2,DETACHED,95,0.046546313868430264,0.0017918675420956702,0.09130076019476485,0.0029911974655782722,0.9866009969742728,0.013399003025727158,0.004985290744360486,0.3670790139496775,0.00777279320783547,0.00045513062445124753,-3.061841333885692e-05,-0.002254507821804692,-0.7870867829723056,-0.7840955855067273,0.0,0.00777279320783547,0.44826179231949836,0.00777279320783547,0.4482617923194984
432,2,DETACHED,96,0.046334525434425275,0.0017724118931451132,0.09089663897570543,0.001879658780609057,0.9987966584286381,0.0012033415713619113,0.00460569370119304,3.8228143928336995,0.00661545757386699,0.0005996752677781566,-2.1908502868084526e-05,-0.018184478934814337,-0.7906697858140762,-0.7887901270334672,0.0,0.0066154575738669895,0.4486192263509146,0.00661545757386699,0.4486192263509146
432,2,DETACHED,97,0.04621163453390606,0.001753684909144679,0.09066958415866744,0.0025969759773070114,0.9905158573969339,0.009484142603066105,0.004833157703151885,0.5047709156887208,0.007087577542043583,0.0002340223405854721,-2.53573706262989e-05,-0.0026483024094471445,-0.7934919507336496,-0.7908949747563426,0.0,0.007087577542043583,0.44255944282421084,0.007087577542043582,0.44255944282421084
432,2,DETACHED,98,0.045433301037655804,0.0017337957926455267,0.08913280628266608,0.002760896540825637,0.9882481421423257,0.01175185785767434,0.004315719554530988,0.36292149576906013,0.006936734860193586,0.0005053409776303856,-2.4345247144261777e-05,-0.0020472631265362915,-0.7994077621201379,-0.7966468655793122,0.0,0.006936734860193586,0.4478705797254821,0.006936734860193586,0.4478705797254821
432,2,DETACHED,99,0.04509064779875793,0.0017138326773789398,0.08846746292013692,0.002648806505157773,0.9892226547158597,0.010777345284140233,0.004033675607149998,0.37023990483439806,0.0069180582127453105,0.000751139348776721,-2.419047380626347e-05,-0.002220376547894506,-0.8035345548134566,-0.8008857483082988,0.0,0.0069180582127453105,0.4483871838446666,0.0069180582127453105,0.44838718384466664
432,2,DETACHED,100,0.04474760331532304,0.0016951479147679594,0.08780005871587812,0.0026251425333799947,0.9891992848031608,0.01080071519683921,0.004068831962197379,0.37264992119852924,0.0071352535513109355,0.0008663576586675219,-2.573386577590692e-05,-0.0023568737029745256,-0.8076158703274379,-0.8049907277940579,0.0,0.0071352535513109355,0.4483479481698726,0.0071352535513109355,0.4483479481698726
432,2,JOINT,1,0.12182083997927559,0.005981883076662482,0.2376597968818887,0.01841629447315129,0.9463288874098611,0.05367111259013895,0.059055030420253396,1.0412581095593274,0.08055233889785329,0.0023853393917125302,-0.003428342613356322,-0.060448526113717836,-0.31416869446031703,-0.29575239998716574,2.7877384490300927,2.844603794048946,0.21467929959930196,2.844603794048946,0.21467929959930196
432,2,JOINT,2,0.12026313042818924,0.005975339654869953,0.23455092120150853,0.018517145598295516,0.9451305959343408,0.05486940406565927,0.059636524327495284,1.0272446864859384,0.07898391442218601,-0.0011127412191639958,-0.0033003157258304403,-0.0568482457909145,-0.3236623073341477,-0.30514516173585216,2.7306942148558715,2.784633270676499,0.2078115863162966,2.7846332706764994,0.2078115863162966
432,2,JOINT,3,0.11860592196888944,0.005978790456510051,0.23123305348126882,0.01852763737129142,0.9442903022288104,0.055709697771189656,0.06062554983203168,1.0276149586882688,0.07777622136848894,-0.004805082804995317,-0.003203008966671794,-0.05429163011442971,-0.3336583030468956,-0.31513066567560416,2.7243177840787873,2.7755826147004017,0.20373480558854856,2.7755826147004017,0.20373480558854853
432,2,JOINT,4,0.11683772238594513,0.005994876946379608,0.22768056782551066,0.018618085463558958,0.943058081614921,0.056941918385079074,0.06212163236403618,1.0288432336934865,0.07689957967856442,-0.008852001971308344,-0.003135302835543991,-0.05192611631688061,-0.34422664409162834,-0.32560855862806937,2.7198488576491813,2.7686016029850933,0.20121878692467993,2.7686016029850937,0.20121878692467998
432,2,JOINT,5,0.11496049412962953,0.006025398789360868,0.22389558946989818,0.01880899605908546,0.9413247070202955,0.05867529297970441,0.06419654299724188,1.0299018370389217,0.07639242652951436,-0.013286711801533216,-0.003099782034586195,-0.049729643728288114,-0.35535153295586824,-0.33654253689678276,2.7136503253179485,2.760085040257031,0.2005132342007772,2.760085040257031,0.2005132342007772
432,2,JOINT,6,0.11297827299093423,0.006072856307324132,0.21988368967454433,0.019113077211504098,0.9390104762288477,0.060989523771152326,0.0669197756036993,1.0303141666516746,0.07628012998915734,-0.018147987976185668,-0.0030982924996380253,-0.047702112357818835,-0.367007156579091,-0.3478940793675869,2.704057274661253,2.7483919745843854,0.20190819533784124,2.748391974584385,0.20190819533784124
432,2,JOINT,7,0.11089672726660375,0.006140438686743205,0.2156530158464643,0.019541717390648403,0.9360359225895599,0.06396407741044008,0.07036510518738615,1.029707123414809,0.07658405366922556,-0.023475532637747865,-0.0031329552289963785,-0.045846962184539604,-0.3791587911040903,-0.35961707371344187,2.689758319982399,2.732230201315585,0.20563865352342336,2.732230201315585,0.20563865352342336
432,2,JOINT,8,0.10872272922800666,0.006231906682121542,0.21121355177389178,0.02010519959050571,0.9323193405820649,0.06768065941793519,0.07460658713820763,1.0277258632225978,0.07731851797628342,-0.029304640707514533,-0.0032060652191965616,-0.0441644132419953,-0.3917636089263382,-0.3716584093358325,2.6695241260094957,2.710383662785499,0.21184070384356293,2.7103836627854996,0.21184070384356293
432,2,JOINT,9,0.10646434873801526,0.006351583692073825,0.20657711378395668,0.020812091968326094,0.9277788987767125,0.0722211012232875,0.07971447741852362,1.0240415726598142,0.07848193209372063,-0.03566874185443409,-0.0033194404794529373,-0.042642756485533145,-0.40477016009392186,-0.38395806812559574,2.64220082791973,2.6816991658945066,0.2205314096470588,2.6816991658945066,0.2205314096470588
432,2,JOINT,10,0.10413142824353586,0.0065045219565203,0.20175833453055142,0.021670481435628077,0.9223269482978339,0.07767305170216614,0.08576059028428112,1.0183622477513132,0.08006101318174826,-0.042599373049484954,-0.003474779655694421,-0.04126119478520061,-0.41811602373584095,-0.3964455423002129,2.6067237085056916,2.6451034801162208,0.23160758186383254,2.6451034801162208,0.23160758186383254
432,2,JOINT,11,0.10173589108186547,0.00669667624348014,0.1967751059202508,0.022689546479388263,0.9158617300074287,0.08413826999257137,0.09282328236830599,1.0103998095315088,0.08203603176031139,-0.05012138076708801,-0.0036740865386548204,-0.03999315951928302,-0.43172749389410514,-0.4090379474147169,2.562042170810391,2.599534796381769,0.24486298854078095,2.5995347963817697,0.24486298854078095
432,2,JOINT,12,0.09929179174799654,0.006935034743966164,0.19164854875202691,0.023880846854327564,0.9082589479098866,0.09174105209011345,0.10099153604715005,0.9998410110654582,0.08438340501688545,-0.05824766350811005,-0.0039198947935661825,-0.038807921208759956,-0.44552055175187943,-0.42163970489755187,2.5070682809830465,2.5438957372248816,0.2600159279912504,2.5438957372248816,0.2600159279912504
432,2,JOINT,13,0.09681574477747654,0.007227899886691714,0.18640358966826137,0.0252600208765182,0.899360672132424,0.10063932786757604,0.11037073071513671,0.9863250944037028,0.08707572583058476,-0.06697602877306226,-0.00421531776064072,-0.03767007485830989,-0.45940057354723174,-0.43414055267071355,2.4406519833143054,2.4770307174666364,0.27673605597549417,2.4770307174666364,0.27673605597549417
432,2,JOINT,14,0.09432721005566663,0.007584875510041122,0.18106954460129215,0.026846601236940097,0.8889715971572824,0.11102840284271759,0.12107770455778853,0.9694333850172524,0.09007466882625977,-0.07627567566225728,-0.004563388746111361,-0.03653770457120711,-0.4732618851543461,-0.446415283917406,2.3615955457719644,2.39774134138015,0.29466460014205476,2.3977413413801494,0.29466460014205476
432,2,JOINT,15,0.09184867610630493,0.008016885763792635,0.1756804664488172,0.028663671907854606,0.8768558678056068,0.12314413219439317,0.13323705934243077,0.9487232173527274,0.09332526312245627,-0.08607525009999611,-0.004966383334282802,-0.03536345817568825,-0.4869887767599591,-0.4583251048521045,2.268765090089484,2.3048972111422152,0.31342855651125473,2.3048972111422152,0.31342855651125473
432,2,JOINT,16,0.08940665279364826,0.00853613094178847,0.17027717464550807,0.030737935002555748,0.8627324051312727,0.1372675948687272,0.14697670283247502,0.9237545427541685,0.09675400847948033,-0.09624613190940558,-0.005425400797030994,-0.034098864214091695,-0.5004549371589462,-0.46971700215639045,2.1611721751022617,2.197516830066869,0.33264627552917064,2.197516830066869,0.33264627552917064
432,2,JOINT,17,0.08703352843920133,0.00915576375146016,0.1649112931269425,0.03309927909536515,0.8462750218890529,0.153724978110947,0.1624169837063754,0.8941255879839268,0.10027886207398169,-0.10657266388546395,-0.005941242455913447,-0.03270727471366135,-0.5135196925142531,-0.48042041341888797,2.0380165886772263,2.074815010709867,0.3519225814998234,2.074815010709867,0.3519225814998234
432,2,JOINT,18,0.08476649738917728,0.009888745724389324,0.15964424905396524,0.035775887737323236,0.827137290868286,0.17286270913171403,0.17964096228686519,0.8595708098136543,0.10382672939316322,-0.11671689775779852,-0.006516445247659472,-0.03118078442316685,-0.526029814550882,-0.49025392681355884,1.8988387000422957,1.9363682042040888,0.37084655505006514,1.9363682042040888,0.37084655505006514
432,2,JOINT,19,0.08263950427234455,0.01074531353532685,0.15453369500936226,0.03878266430308937,0.8050096226110913,0.19499037738890856,0.1986396305679442,0.8200754118249283,0.10731200579142053,-0.1262175299575095,-0.0071526266665145905,-0.029529320218734334,-0.5378373974003832,-0.4990547330972938,1.7439233705143617,1.7825290133030889,0.38901385783040754,1.7825290133030889,0.3890138578304076
432,2,JOINT,20,0.08067587421038445,0.011729797354165537,0.14962195106660336,0.04210949565053854,0.7796850837522834,0.2203149162477166,0.2192491870319999,0.7759135135519295,0.11057810684140419,-0.13452699836584825,-0.007841318224136926,-0.027750090463418014,-0.5488200133760428,-0.5067105177255042,1.5748136148680323,1.6149487788783499,0.40606296692555555,1.6149487788783494,0.4060629669255556
432,2,JOINT,21,0.07889041423045268,0.01283928892680207,0.14494153953410327,0.04572044351080001,0.7510931537287477,0.24890684627125217,0.24113148142155233,0.7276304672103207,0.1134150205752514,-0.14105286445823437,-0.00856283060777976,-0.025838917419866728,-0.558883719524791,-0.513163276013991,1.3944390771930952,1.4367524844032369,0.42169049941866316,1.4367524844032369,0.42169049941866316
432,2,JOINT,22,0.07729118358081088,0.014060085202819261,0.1405222819588025,0.049550870708186666,0.7193565633384568,0.28064343666154323,0.2637400224697427,0.6760290510818112,0.11563452830632245,-0.1451792997473728,-0.009293961310765503,-0.023822656064377445,-0.5679669529828768,-0.5184160822746902,1.2074239139929557,1.2529120605720256,0.4356651386147371,1.2529120605720256,0.43566513861473705
432,2,JOINT,23,0.0758761161115371,0.015362864719835943,0.13638936750323827,0.053495204481180655,0.6849257073090093,0.31507429269099074,0.28628390972140905,0.6223396002333753,0.1171359431237338,-0.14637556528390994,-0.010016290106407357,-0.02177395853895215,-0.5760633174495802,-0.5225681129683996,1.0213024053050777,1.0715110833389274,0.4478721338096317,1.0715110833389276,0.4478721338096317
432,2,JOINT,24,0.07462961794207872,0.016701083544359566,0.13255815233979787,0.05739868989672187,0.6487257378812202,0.3512742621187799,0.30777387560634156,0.5683901614339553,0.11795722802496829,-0.14440670731128522,-0.01072402930148731,-0.01980490622827003,-0.5832480252173498,-0.5258493353206278,0.8475401431537629,0.9047142226791982,0.4583640803174957,0.9047142226791981,0.45836408031749565
432,2,JOINT,25,0.07352806722550032,0.01801629839872068,0.12903983605227995,0.0610652265163115,0.6122540406528765,0.38774595934712347,0.3272429906764259,0.5167193583508318,0.11830965156888998,-0.1396125210546292,-0.011430854453346082,-0.01804941265915478,-0.5896650381628887,-0.5285998116465772,0.7013112196874691,0.7680935838877249,0.4673303402609155,0.7680935838877251,0.4673303402609155
432,2,JOINT,26,0.07253808460115808,0.0192512550101481,0.12582491419216807,0.06428113980872446,0.5774764126127203,0.42252358738727963,0.34396315100479785,0.47010536794282165,0.11850001579653384,-0.13292350755519147,-0.012158292041960946,-0.016617124064730385,-0.595536298665813,-0.5312551588570886,0.5979013131389526,0.6759391138790598,0.4751139383669463,0.6759391138790598,0.4751139383669463
432,2,JOINT,27,0.07161729579202988,0.02036002574845096,0.1228745658356088,0.06684472266294955,0.5465550850154787,0.4534449149845214,0.35751904290151554,0.4309318385329354,0.11876365455060657,-0.12561002506754124,-0.012903370610682688,-0.015552942789861579,-0.6011472556959528,-0.5343025330330033,0.5445638207453684,0.6326818413259427,0.4821944204073705,0.6326818413259427,0.4821944204073705
432,2,JOINT,28,0.07072638484121406,0.021314153892207005,0.12013861579022111,0.06862047083672146,0.5213096430179998,0.4786903569820002,0.36783308392531705,0.40058240337297496,0.11913475911279896,-0.11890962455468045,-0.01361291798353956,-0.014824918260676731,-0.6067705650189477,-0.5381500941822261,0.5324683953713676,0.6272751085184294,0.4890513466538165,0.6272751085184293,0.48905134665381655
432,2,JOINT,29,0.06983793977730827,0.02210332788276057,0.11757255167185598,0.06957084571046158,0.502797698108835,0.49720230189116504,0.37510690744365804,0.3793282711886545,0.11945874525590616,-0.11374697747936784,-0.01419098761966342,-0.014350689612494185,-0.6126010141973806,-0.543030168486919,0.5422702272576689,0.6406306479734,0.4960354140171201,0.6406306479733999,0.4960354140171201
432,2,JOINT,30,0.06893880400151033,0.022735273130399608,0.11514233487262104,0.06974857099866828,0.4912369576319084,0.5087630423680917,0.37976575247009575,0.36668342100452556,0.11950850647504171,-0.11068046236410387,-0.014537060880705392,-0.014036282051283317,-0.6187360750970332,-0.5489875040983649,0.557272526547636,0.6571491835733944,0.5033191819162394,0.6571491835733945,0.5033191819162394
432,2,JOINT,31,0.06802742989809538,0.023231758868836938,0.11282310092735381,0.06927044916800355,0.48612567641752374,0.5138743235824762,0.3823727740596659,0.36172506564937634,0.11909565644266619,-0.10992440654350409,-0.014588588992085472,-0.01380082126367722,-0.6251902892707555,-0.555919840102752,0.5688469636094845,0.6687445078590603,0.5109220718981825,0.6687445078590603,0.5109220718981825
432,2,JOINT,32,0.06711029743283065,0.023622112122459862,0.11059848274320144,0.06828567741860632,0.486486214849078,0.513513785150922,0.38352398124715026,0.3633381134762315,0.1181270552334941,-0.11142047605568245,-0.014341620329844184,-0.013586783433706527,-0.6319220065127841,-0.5636363290941777,0.575071845759424,0.6735044882348428,0.5187653601146659,0.6735044882348428,0.5187653601146659
432,2,JOINT,33,0.06619942527775437,0.023937594441107646,0.10846125611440108,0.0669531258765054,0.4910829632338422,0.5089170367661578,0.3837685922167701,0.3703201186964546,0.11663060361442383,-0.11490317968013304,-0.013849694163578178,-0.013364356777974368,-0.638852153343045,-0.5718990274665396,0.5781350748282497,0.6734334067450705,0.5267112946385237,0.6734334067450705,0.5267112946385237
432,2,JOINT,34,0.06530993552907163,0.024208612845100834,0.10641125821304243,0.06542818953293747,0.4985614331103757,0.5014385668896243,0.38358139801636465,0.38138050029888376,0.114751217921054,-0.11995456344616454,-0.01320583697400638,-0.013130065060655486,-0.6458785612389838,-0.5804503717060463,0.5821926242352766,0.6725644252655757,0.5345908428336986,0.6725644252655757,0.5345908428336986
432,2,JOINT,35,0.06445718027817768,0.024463861632343344,0.10445049892401201,0.06385168076531451,0.5075700083584616,0.49242999164153844,0.3833675733887061,0.3951544092198924,0.11272220918116899,-0.1260709676783408,-0.01251679200252277,-0.012901627295614329,-0.6528919806569954,-0.5890402998916808,0.5915637510684557,0.6753699397208973,0.542231871040936,0.6753699397208973,0.542231871040936
432,2,JOINT,36,0.06365350468242932,0.02473028797524817,0.10257672138961046,0.062341103347331825,0.5168588498860548,0.4831411501139452,0.3834763849247859,0.41023862948528017,0.11082248321663449,-0.13272562369155053,-0.01188102205177371,-0.012710180848189714,-0.6597962037460225,-0.5974551003986908,0.6091582871460975,0.6853380125204585,0.5494952472287906,0.6853380125204583,0.5494952472287906
432,2,JOINT,37,0.06290508940888254,0.025032882709606005,0.10077729610815905,0.06098588487175607,0.5253379021767317,0.4746620978232683,0.38420613845412105,0.42522469711508665,0.10932258264387174,-0.1394095432439296,-0.011374990293300328,-0.01258940531668074,-0.6665287213816771,-0.605542836509921,0.6354303673325047,0.7038573646387919,0.5563124997191229,0.7038573646387919,0.5563124997191229
432,2,JOINT,38,0.06220976386745654,0.025393342841489763,0.09902618489342331,0.05984415228437382,0.5321271258471083,0.46787287415289175,0.38578967173610423,0.4387712144546086,0.10842072442792955,-0.1456658293839885,-0.01104534322203913,-0.012562230185667612,-0.6730749479494944,-0.6132307956651206,0.6682800333419926,0.7297935569146552,0.5627088283987493,0.7297935569146554,0.5627088283987493
432,2,JOINT,39,0.06155759122934043,0.025828427350040185,0.09728675510864068,0.05894271657573734,0.5365930009226724,0.46340699907732763,0.3883763270978261,0.44971271314349026,0.1081878115558563,-0.15112250727259077,-0.010906406297808029,-0.012628858209468203,-0.6794679479365806,-0.6205252313608433,0.7038722200183433,0.7599577164097006,0.5687963164856044,0.7599577164097006,0.5687963164856044
432,2,JOINT,40,0.0609340281439757,0.026349606149213334,0.09551845013873807,0.05828430143410147,0.538308095914911,0.4616919040850889,0.3920346963431708,0.45709151287647265,0.10854794537320629,-0.15549127341922034,-0.010944156825951788,-0.012760302206396358,-0.6857752825383365,-0.6274909811042351,0.7377273952873301,0.7900799313891205,0.5747463024102916,0.7900799313891204,0.5747463024102916
432,2,JOINT,41,0.06032366783883978,0.026963074060130977,0.09368426161754859,0.05785633994160786,0.5369796759853627,0.4630203240146372,0.39676136413274715,0.460137012795097,0.10929585038197212,-0.1585420199535279,-0.01112293765010582,-0.012899631280916311,-0.6920806011686663,-0.6342242612270584,0.7655708249065694,0.8157541259863641,0.580755249606617,0.8157541259863642,0.580755249606617
432,2,JOINT,42,0.05971380274609863,0.027669729786571413,0.09175787570562585,0.05763782081052343,0.5323926040581239,0.46760739594187606,0.40248849604981,0.4582517307789368,0.11013907757405182,-0.1600775605494115,-0.011392547826921577,-0.012970941557103665,-0.6984638141115853,-0.6408259933010618,0.7838582085002692,0.8331232898178486,0.5870085394715856,0.8331232898178486,0.5870085394715856
432,2,JOINT,43,0.05909797832418961,0.02846514564236409,0.08973081100601513,0.05760428704491383,0.5243805607987732,0.47561943920122685,0.40909114700158006,0.4510317018218892,0.11075220742047603,-0.1599225056394818,-0.011695753395037794,-0.012894817197871701,-0.7049805197478962,-0.6473762327029824,0.7900925180585081,0.8393265912256862,0.5936415738241968,0.8393265912256862,0.5936415738241968
432,2,JOINT,44,0.058479576674148624,0.02933955923535383,0.08761959411294341,0.05773150662220983,0.5128357859344119,0.4871642140655881,0.41639483409175193,0.4383371475880266,0.11083805857326033,-0.15793497025476183,-0.011977591624096087,-0.012608761967310185,-0.7116424397952649,-0.653910933173055,0.7830526073843297,0.8328105875475846,0.6007004405681521,0.8328105875475846,0.600700440568152
432,2,JOINT,45,0.05787448417268179,0.030277963384531224,0.08547100496083235,0.05799637065265421,0.4977916332115179,0.5022083667884821,0.4241844407317712,0.42045389821973284,0.11021185640191727,-0.15405622117493156,-0.012200539825461031,-0.01209324066943782,-0.7184038559459472,-0.6604074852932931,0.763025071985239,0.8136136221768687,0.6081100122322435,0.8136136221768688,0.6081100122322435
432,2,JOINT,46,0.0573091970506225,0.031260407648086436,0.08335798645315856,0.05836985172568572,0.4796409986914793,0.5203590013085206,0.4322156354958519,0.398394836138118,0.10893259195861177,-0.14842044512095898,-0.012369990913197773,-0.011402041245545669,-0.7251658075328111,-0.6667959558071254,0.7321110106028894,0.7837176217757573,0.6156694189477988,0.7837176217757574,0.6156694189477988
432,2,JOINT,47,0.05680777046666228,0.0322624953879639,0.08135304554536066,0.05879813448139436,0.45945525140071825,0.5405447485992817,0.44022760522547105,0.37418712429736056,0.1073767541531478,-0.14151533521824708,-0.0125472146605304,-0.010664951756855218,-0.7318169887553675,-0.6730188542739731,0.6944609699123213,0.7472894953715471,0.6231121799014305,0.7472894953715471,0.6231121799014305
432,2,JOINT,48,0.05636890405119101,0.03325609432823238,0.07948171377414964,0.059187154659834554,0.43903271297552193,0.5609672870244782,0.4479568851764555,0.35058680094923594,0.10599862564258217,-0.13423720564995514,-0.01279598114906612,-0.010014584538176474,-0.738309213815723,-0.6791220591558884,0.6557152764401449,0.7099935298953485,0.6302449908184723,0.7099935298953485,0.6302449908184723
432,2,JOINT,49,0.05595934643869657,0.034212564598550106,0.07770612827884305,0.05942487522256304,0.4203208822036188,0.5796791177963811,0.4551698598762308,0.33004017426564825,0.10500579984274026,-0.127597288842698,-0.013116428980171554,-0.009510622051152363,-0.7446941958073423,-0.6852693205847793,0.6211539251700843,0.6769858142735649,0.6370533712863842,0.6769858142735649,0.6370533712863842
432,2,JOINT,50,0.055537916438975654,0.03510854910974981,0.0759672837682015,0.05942786641806974,0.4047951432757001,0.5952048567243,0.46170971848136527,0.31400592507432923,0.10439405453671723,-0.12236338000110439,-0.013461276405671371,-0.00915493086077347,-0.7510664661973618,-0.6916385997792921,0.5941500556225701,0.6513976233462271,0.6436355789018159,0.651397623346227,0.6436355789018159
432,2,JOINT,51,0.055076303052899345,0.035929511065982134,0.07422309503981656,0.05915350900846792,0.3935277001401987,0.6064722998598012,0.46751717919218533,0.30336251193346325,0.1040679312681553,-0.11913807012897265,-0.013760320194201238,-0.008928795528614508,-0.7574978651442171,-0.6983443561357492,0.5764899167540363,0.6347563990824924,0.650069867069624,0.6347563990824924,0.650069867069624
432,2,JOINT,52,0.05457368817244776,0.036671279895646995,0.07247609644924852,0.058600581516336285,0.3875320772036333,0.6124679227963667,0.47262844251976627,0.29905024452374396,0.10366805311506808,-0.11870004422316512,-0.013866033121977416,-0.008773573959269833,-0.763982319799003,-0.7053817382826667,0.5694389858778793,0.6280440204559148,0.6562744501235808,0.6280440204559148,0.6562744501235808
432,2,JOINT,53,0.054090603917131955,0.037347189656851965,0.07083401817741194,0.057925908391255845,0.3854682678663006,0.6145317321336993,0.4772118438037552,0.2993336441677782,0.10347191296913118,-0.12024693524833437,-0.01388757216353407,-0.008711052833934156,-0.7703569578603804,-0.7124310494691245,0.5708943201227248,0.6295368817174711,0.6620186149125281,0.629536881717471,0.6620186149125281
432,2,JOINT,54,0.05360796541485112,0.03802503492532155,0.06919089590438068,0.05737588285601156,0.3791011278753963,0.6208988721246037,0.48183884086265727,0.2941954901611564,0.10308530523508898,-0.11918190244423982,-0.014015495304598821,-0.008557416217434268,-0.7768463625047617,-0.7194704796487501,0.5663856041132831,0.6250793348213629,0.6682113360529114,0.6250793348213629,0.6682113360529114
432,2,JOINT,55,0.05309967894642708,0.03868167745198704,0.06751768044086712,0.0568600533788197,0.36959446377354327,0.6304055362264568,0.4862522654016553,0.2850802141833302,0.10199952533806256,-0.11629439052731202,-0.014074755155916935,-0.008251754284604453,-0.7835074512359512,-0.7266473978571315,0.55644973744291,0.6148608817587562,0.67491313563328,0.6148608817587562,0.6749131356332799
432,2,JOINT,56,0.05259154807301497,0.03929099924807255,0.06589209689795739,0.056322752136326724,0.3597349585937891,0.6402650414062109,0.4902357345515695,0.27544051332675795,0.10084518376621376,-0.11295389237406583,-0.014135060891211656,-0.00794182911072706,-0.7902072886127129,-0.7338845364763862,0.5457611725480155,0.6036554844162889,0.681733142861278,0.6036554844162888,0.681733142861278
432,2,JOINT,57,0.0520809863703879,0.03983042680225567,0.06433154593852013,0.05570631179872889,0.3520342924672736,0.6479657075327264,0.4936444369635043,0.26819285044969127,0.09980770844490428,-0.11055650726367187,-0.014148591313656011,-0.007686810080547276,-0.7968857148098236,-0.7411794030110948,0.5393549037339378,0.5965911652904039,0.6883984534297638,0.5965911652904038,0.6883984534297638
432,2,JOINT,58,0.05155122266087307,0.04029348163279826,0.0628089636889479,0.055002959597777616,0.346694957349946,0.653305042650054,0.49646662915200623,0.263464179185472,0.09880915483407289,-0.10924851491167778,-0.014080460174055823,-0.007472197856777846,-0.8035642393219602,-0.7485612797241826,0.5378000988825377,0.5942861689739656,0.694918500344374,0.5942861689739657,0.694918500344374
432,2,JOINT,59,0.05100377226535739,0.040686655343636205,0.061320889187078585,0.054244258285975115,0.3429558351812731,0.657044164818727,0.4987748446327487,0.2603443612586187,0.09792026368475966,-0.10857759006586301,-0.013979027408915226,-0.007296600863001512,-0.8102367820256275,-0.7559925237396524,0.5393789226748394,0.5951617991032313,0.7013228890285079,0.5951617991032314,0.701322889028508
432,2,JOINT,60,0.05044824637743495,0.04102104177293914,0.05987545098193076,0.05346563671653292,0.3399636761008146,0.6600363238991854,0.5006563063950229,0.2578721082797635,0.09709941947101657,-0.10809641642318903,-0.013866624472569412,-0.0071422563578853225,-0.8168831358450566,-0.7634174991285236,0.5416828504807024,0.5968460832028148,0.7076241073217396,0.5968460832028148,0.7076241073217396
432,2,JOINT,61,0.04989358693318667,0.04130812393520986,0.058479049931163485,0.05269343924104729,0.3369422645860564,0.6630577354139436,0.5021838324655074,0.2551918916137789,0.09617963571692352,-0.10745042608315408,-0.013727162334479839,-0.006975653727095923,-0.8234937437161509,-0.7708003044751036,0.542086551518458,0.5966006219349433,0.7138528689298386,0.5966006219349433,0.7138528689298386
432,2,JOINT,62,0.0493454933851068,0.041557857058630056,0.05713312971158353,0.05194236371347314,0.333269671341907,0.6667303286580931,0.50340860354463,0.25163220067050823,0.09491777990658125,-0.10640076232194495,-0.013516658905861444,-0.00675639351859626,-0.8300775579867891,-0.7781351942733159,0.5382848085331104,0.5918925407176538,0.7200676326562712,0.5918925407176538,0.7200676326562712
432,2,JOINT,63,0.04880663530822793,0.04177781641796968,0.05583545419848618,0.05121648227268463,0.3285738328101837,0.6714261671898163,0.5043635778323726,0.24681890875931536,0.09310407392131723,-0.10484037754659113,-0.013190899145267297,-0.006455191206671797,-0.836657894001843,-0.7854414117291584,0.5289089170145671,0.5811159036259985,0.726340114414902,0.5811159036259985,0.7263401144149019
432,2,JOINT,64,0.04827794940734847,0.04197294615534794,0.054582952659348996,0.05051221053282312,0.32281840023113884,0.6771815997688613,0.5050715042525673,0.24077201013849217,0.09069796701445379,-0.10279219152746606,-0.012741097184461942,-0.006073792630634626,-0.843259035287776,-0.792746824754953,0.5138832458230619,0.5640822898963328,0.7327224431832308,0.5640822898963327,0.7327224431832308
432,2,JOINT,65,0.04775949157808718,0.04214585395687307,0.053373129199301296,0.04982170958706693,0.3163207043159897,0.6836792956840103,0.5055527688512691,0.23390617343755882,0.08790418836218046,-0.10038666379475736,-0.012214101426466617,-0.005651148411539075,-0.8498936163923899,-0.800071906805323,0.49451644797214045,0.5422015348909187,0.7392182412996349,0.5422015348909187,0.7392182412996349
432,2,JOINT,66,0.047249874766747385,0.04229754763053042,0.05220220190296436,0.0491352223954639,0.30965033439241874,0.6903496656075814,0.5058301514368699,0.22688571218520553,0.08510652163142261,-0.09782401112128776,-0.011695643795140598,-0.005245979237076249,-0.8565637234035528,-0.8074285010080889,0.4733526148069843,0.518311432183853,0.7457875794282788,0.518311432183853,0.7457875794282787
432,2,JOINT,67,0.04674543292527861,0.04242833026376781,0.0510625355867894,0.04844281231732031,0.30341220430374183,0.6965877956962581,0.505929865069,0.22036747777105012,0.08266331211178067,-0.09532507910754748,-0.011260626751930214,-0.004904782434825522,-0.8632700164420063,-0.814827204124686,0.4534955517888276,0.495854623893005,0.7523751632999537,0.49585462389300494,0.7523751632999537
432,2,JOINT,68,0.04624109184827737,0.04253851822173167,0.04994366547482307,0.047736912070514156,0.2980026363942558,0.7019973636057443,0.5058782786079361,0.21474875624236495,0.08071291960312471,-0.09306630383164446,-0.010930398921440635,-0.004640028387997754,-0.870015188677594,-0.8222782766070799,0.43760594583817214,0.4777029275688214,0.7589333167784388,0.4777029275688214,0.7589333167784388
432,2,JOINT,69,0.045733399787927384,0.04262877172734585,0.04883802784850891,0.04701561548575289,0.29349930606738434,0.7065006939326156,0.5056949373537304,0.21007921785461875,0.07918575186387303,-0.09111625346235162,-0.0106821092394802,-0.004437634210480286,-0.8767957892562263,-0.8297801737704733,0.427319977018807,0.4655631894530334,0.7654226585092475,0.4655631894530334,0.7654226585092475
432,2,JOINT,70,0.04522326210087722,0.04269987322901,0.047746650972744456,0.046284360305013046,0.2897473877360324,0.7102526122639675,0.5053842346668141,0.20617138081466266,0.07799102320992757,-0.08941738406619663,-0.010496384020678167,-0.004281997416343781,-0.8835925216057481,-0.837308161300735,0.42327171276131703,0.46013924821407665,0.7718019981927977,0.46013924821407665,0.7718019981927977
432,2,JOINT,71,0.04471533374798369,0.04275204957345716,0.04667861792251023,0.04555363635410546,0.2865050263740007,0.7134949736259993,0.504929915506394,0.20275539997708802,0.07710993639984462,-0.08783381401502482,-0.01037668058888836,-0.004166772374983003,-0.8903761049984182,-0.8448224686443128,0.4248259058986564,0.46086959246167714,0.7780378306233675,0.46086959246167714,0.7780378306233675
432,2,JOINT,72,0.0442143754624139,0.04278433414098447,0.04564441678384333,0.04483352781387439,0.28351941927048435,0.7164805807295156,0.5042966795132487,0.19955586454283344,0.07648654574267519,-0.0862356790502003,-0.01031709167347214,-0.0040825891426741244,-0.8971284877766355,-0.8522949599627611,0.42930739474894347,0.46493063120574485,0.7841359473584508,0.46493063120574485,0.7841359473584508
432,2,JOINT,73,0.04372191694291547,0.042794479592112675,0.04464935429371826,0.044128902948809966,0.280585715281896,0.719414284718104,0.5034406885393251,0.1963517665640564,0.07592795191420405,-0.08457145035586058,-0.010273249078438856,-0.004006769120621964,-0.903857887281263,-0.859728984332453,0.43215017353653307,0.4672708161961073,0.7901547424768622,0.4672708161961073,0.7901547424768622
432,2,JOINT,74,0.043235939690100596,0.04277958518298372,0.04369229419721747,0.043438855931930954,0.27767696093074024,0.7223230390692599,0.5023263057215025,0.19310534819440844,0.07523064630825797,-0.08289315470871632,-0.010191069012329532,-0.00391767245251576,-0.910588951755883,-0.867150095823952,0.428934598342725,0.4629193230683852,0.7961656423145592,0.4629193230683852,0.7961656423145592
432,2,JOINT,75,0.04275294907841062,0.04273723767031115,0.04276866048651008,0.04276001746213079,0.27505568961652543,0.7249443103834745,0.5009420167266957,0.19006556765135382,0.0744096722653201,-0.08132818348968744,-0.010064869653035697,-0.0038187756268502496,-0.9173366710466699,-0.8745766535845392,0.4180796679250006,0.45010305413250246,0.8021867322262122,0.4501030541325025,0.8021867322262122
432,2,JOINT,76,0.04226959241887419,0.042666829820801916,0.04187235501694646,0.042089381547929926,0.2731698097035537,0.7268301902964464,0.49930933610156136,0.18765901327026663,0.07369960454557653,-0.08002151744580843,-0.009941859453774972,-0.003736520429867533,-0.9240929065769843,-0.8820035250290543,0.4020688176121077,0.4316218368238403,0.8081576478277601,0.43162183682384025,0.8081576478277601
432,2,JOINT,77,0.04178275777613989,0.04257076353040633,0.04099475202187345,0.041423941676216165,0.2723264722490826,0.7276735277509174,0.4974833881508178,0.18617950348745863,0.0732639239824974,-0.07907792826463572,-0.009855087742633594,-0.0036881941919086033,-0.9308391331354402,-0.889415191459224,0.38624564476565293,0.41337115997023127,0.8139842947932939,0.41337115997023127,0.8139842947932939
432,2,JOINT,78,0.04129012947202524,0.04245520011531292,0.04012505882873756,0.04075986186313544,0.27243113456474277,0.7275688654352572,0.4955458225939115,0.18555234712705174,0.07296989136152948,-0.07851812733783116,-0.009772387164595601,-0.003659175988879104,-0.937567361521185,-0.8968074996580496,0.3759313821485293,0.4010311419874329,0.8196074237824587,0.4010311419874329,0.8196074237824587
432,2,JOINT,79,0.04079267558469998,0.04232984587366352,0.03925550529573644,0.04009500344656759,0.27306608671092386,0.7269339132890762,0.49359034062220064,0.1854127043573738,0.0725493846711101,-0.07826001882415298,-0.009637617910657495,-0.003620283164629048,-0.9442844545654631,-0.9041894511188955,0.3739121949956353,0.39744954146321504,0.8250299372396457,0.3974495414632151,0.8250299372396457
432,2,JOINT,80,0.04029681666945259,0.042206389958871354,0.038387243380033825,0.03943290384833832,0.2737942749038907,0.7262057250961093,0.491703362965298,0.18538213219548963,0.07192688169078876,-0.07814328320512083,-0.009447743769618181,-0.0035619908594606885,-0.9510013916632096,-0.9115684878148713,0.3797480536005688,0.40218802259920566,0.830296460138436,0.40218802259920566,0.830296460138436
432,2,JOINT,81,0.039813092470010386,0.04209600490381857,0.0375301800362022,0.03878278164229999,0.2743428936536768,0.7256571063463232,0.4899465839621982,0.18522985912271103,0.0712719073737282,-0.0779947660482723,-0.009257912084104774,-0.003500058592594412,-0.9577290970718725,-0.9189463154295725,0.3901260960990185,0.4118946248048751,0.8354734896518935,0.4118946248048751,0.8354734896518935
432,2,JOINT,82,0.03935198778066374,0.042007057385753444,0.036696918175574036,0.03815496253361289,0.2745774263777917,0.7254225736222082,0.4883494358118619,0.1848436154788037,0.07077153597592392,-0.07769549432272496,-0.009120579157698379,-0.0034522018520751997,-0.9644852593594871,-0.9263302968258742,0.3996504394531397,0.4208535198175394,0.8406484356508572,0.4208535198175393,0.8406484356508572
432,2,JOINT,83,0.038920515788724616,0.041944029508833504,0.03589700206861573,0.0375566926726619,0.2744638784021137,0.7255361215978863,0.486915359426192,0.18419576093240952,0.0705020540529714,-0.07720732201180232,-0.009054997791741877,-0.003425425335640919,-0.9712928938725225,-0.9337362011998606,0.40300055862230627,0.42322666037667084,0.8459103952749445,0.42322666037667084,0.8459103952749445
432,2,JOINT,84,0.03852146670649079,0.04190774494048339,0.035135188472498184,0.03699164073669646,0.2741139587353726,0.7258860412646274,0.4856370150448758,0.18338950900675977,0.0705506050698226,-0.07655319395519684,-0.009079048543681086,-0.003428491245710238,-0.9781627684353851,-0.9411711276986886,0.3980046928813554,0.41659351661597926,0.8512985190731831,0.41659351661597926,0.8512985190731831
432,2,JOINT,85,0.03815357523407288,0.04189613895094177,0.03441101151720399,0.036460031367983835,0.2737454864888848,0.7262545135111151,0.4845090594597051,0.18262491416246338,0.0710624011768788,-0.07578312630080032,-0.009223649539932618,-0.0034766495540315676,-0.9850824578461831,-0.9486224264781993,0.3871728675827063,0.40374551464803127,0.8567736576992604,0.4037455146480313,0.8567736576992604
432,2,JOINT,86,0.037810855330064806,0.04190505352632205,0.03371665713380756,0.035955823986188226,0.2734560889635999,0.7265439110364,0.483530675549761,0.1819909373972312,0.07198342832376141,-0.07495796066785734,-0.009474307141743387,-0.003565933094016732,-0.9920314850446132,-0.956075661058425,0.3762231467891243,0.3908834206815648,0.8622590150447303,0.3908834206815648,0.8622590150447305
432,2,JOINT,87,0.03748319998927039,0.04192956322126519,0.03303683675727559,0.03546501335600856,0.273051983389535,0.7269480166104649,0.4827013324538002,0.18130946532578252,0.07285635126037977,-0.07414755882872631,-0.009719848676952114,-0.0036509129935628896,-0.9990059418963947,-0.9635409285403861,0.37077774739449215,0.3837172788589337,0.8677103219397095,0.38371727885893375,0.8677103219397097
432,2,JOINT,88,0.03716117287877779,0.0419662048006651,0.03235614095689048,0.03497228408960927,0.2722295268010652,0.7277704731989347,0.48201809087688785,0.18030349075882254,0.0731146735375471,-0.07341837998414628,-0.009818471106568395,-0.0036726933032915424,-1.0060220178551869,-0.9710497337655776,0.3739235945271704,0.38499643949612034,0.8731411226815606,0.3849964394961203,0.8731411226815607
432,2,JOINT,89,0.036842570883191886,0.04201514734767771,0.03166999441870606,0.034473014585314835,0.270950094779063,0.729049905220937,0.4814773577068412,0.17894019980032355,0.07262369499456713,-0.0728056897400858,-0.0097327906066329,-0.0036171742406753203,-1.0130987208278848,-0.97862570624257,0.38540375692514006,0.3942888097482633,0.8785946379901629,0.3942888097482633,0.8785946379901629
432,2,JOINT,90,0.036534190213904694,0.042080666905084,0.030987713522725384,0.0339777291760792,0.2695418929740487,0.7304581070259513,0.4810780736202567,0.17751968714518748,0.0718380400266501,-0.0722952153023988,-0.009573101861697339,-0.003532511957381312,-1.0202504822245984,-0.9862727530485191,0.4008695068260565,0.4073211375692271,0.8841242308558259,0.4073211375692271,0.8841242308558259
432,2,JOINT,91,0.03624712765553347,0.042169758887063175,0.03032449642400377,0.03350430060078117,0.2684452275071084,0.7315547724928917,0.4808286342785619,0.17644085853065083,0.07149841298858031,-0.07182233451650727,-0.009521538355063931,-0.0034939441666585937,-1.0274946464127126,-0.9939903458119315,0.4128382593604205,0.4165114052479071,0.8897933856611132,0.4165114052479071,0.8897933856611132
432,2,JOINT,92,0.03599050080780743,0.04229007936745317,0.029690922248161687,0.03306638273925142,0.267911611795151,0.732088388204849,0.480761440746963,0.175937188124663,0.072260972258691,-0.07127245233354244,-0.00974509480343811,-0.003566268906801878,-1.034844632184556,-1.0017782494453045,0.41574971560276713,0.416246659880858,0.8956360344552671,0.416246659880858,0.8956360344552671
432,2,JOINT,93,0.0357668007125214,0.04244767190587589,0.02908592951916691,0.03266347889389612,0.26774572291468673,0.7322542770853132,0.4809397159129061,0.17585360160413574,0.07429425216787179,-0.0704984393300352,-0.010307607989207877,-0.0037689338785113287,-1.0422960920832196,-1.0096326131893234,0.4106346980238404,0.4080155960527414,0.9016124880945214,0.4080155960527415,0.9016124880945214
432,2,JOINT,94,0.035569860192844936,0.04264452106897423,0.028495199316715646,0.032274991395703584,0.26713591966940636,0.7328640803305937,0.4814358974139986,0.1754879583667674,0.07690034759034607,-0.06938293622392576,-0.011068641511846267,-0.0040346249858830615,-1.049836687541721,-1.0175616961460174,0.403463476116221,0.3982430083555877,0.9076478646243398,0.3982430083555877,0.9076478646243398
432,2,JOINT,95,0.035389581136828,0.04287679314947334,0.02790236912418266,0.031873138998275145,0.26517012389833167,0.7348298761016684,0.4822844166864996,0.17403677053176816,0.07899714244007539,-0.06792190276565813,-0.01176706565195527,-0.004246253940302595,-1.0574523879174302,-1.025579248919155,0.39925166514025817,0.3917478010658268,0.9136782552096986,0.3917478010658268,0.9136782552096987
432,2,JOINT,96,0.035220631074257505,0.04313511883658761,0.0273061433119274,0.03145247451517271,0.26194564498414186,0.738054355015858,0.4834376404852941,0.17157866989865692,0.08030059571076778,-0.06627096825264657,-0.01230825133949937,-0.0043683677412659026,-1.0651180752896714,-1.0336656007744986,0.39813120152227355,0.3884819504705931,0.9196402926354741,0.38848195047059303,0.9196402926354741
432,2,JOINT,97,0.03506377726002357,0.043407073013939756,0.02672048150610738,0.03104222267836871,0.2589948444673546,0.7410051555326455,0.4847581192122378,0.16943182210306457,0.08177091673482736,-0.06471316108066877,-0.012908524950381549,-0.004511765386333734,-1.0728199096326265,-1.0417776869542579,0.39347344138585405,0.3823040512266528,0.9255075947283603,0.38230405122665284,0.9255075947283603
432,2,JOINT,98,0.03491811663238604,0.043680445195404274,0.026155788069367802,0.030683556146771665,0.25836557285203215,0.7416344271479679,0.4860669648087112,0.1693327132751827,0.08491395922507954,-0.06349206232739663,-0.013953833693252753,-0.00486114196384244,-1.080577628512006,-1.0498940723652341,0.3761060107484781,0.3655057634994465,0.9313315164554066,0.3655057634994465,0.9313315164554066
432,2,JOINT,99,0.03476808109493612,0.043945686137552606,0.02559047605231963,0.030346742781392905,0.2591235244373345,0.7408764755626656,0.4873055099679261,0.17043640253892925,0.08860718272465921,-0.06260639195904281,-0.015149594864938363,-0.005298611232350477,-1.0883587359401887,-1.058011993158796,0.3574511219696673,0.3502247551104126,0.9370413010284,0.3502247551104126,0.9370413010284
432,2,JOINT,100,0.03458736593977047,0.04419785638869261,0.02497687549084833,0.029903034893011566,0.25629073918468587,0.7437092608153141,0.48859389394937774,0.16837505842556202,0.08822469180529897,-0.06184897835126732,-0.01518509070772753,-0.005232956381104483,-1.0961142545570024,-1.0662112196639908,0.3583045438530091,0.3509448199343577,0.9425483209287366,0.3509448199343577,0.9425483209287366
612,0,DETACHED,1,0.3370661892000814,0.0052495560168995285,0.6688828223832632,0.018917433641721618,0.9794044718408124,0.020595528159187602,0.03564941023201963,1.6952802341294695,0.05870402233730939,0.024986450655723726,-0.0017593151438762482,-0.08366287603656322,-0.06703449728453162,-0.04811706364281,0.0,0.05870402233730939,0.12141615025128279,0.05870402233730939,0.12141615025128279
612,0,DETACHED,2,0.3345659147667374,0.005155985488812217,0.6639758440446626,0.015059626781374885,0.9849676035657582,0.015032396434241823,0.02562493218584373,1.6790222475195493,0.04259375369591742,0.018240060149453168,-0.0009209581347349142,-0.06034393324592964,-0.07162360296875263,-0.05656397618737774,0.0,0.04259375369591742,0.11834747637040727,0.04259375369591741,0.11834747637040727
612,0,DETACHED,3,0.3320177588597853,0.005090079020395441,0.6589454386991751,0.011516795438070578,0.9901710426892694,0.009828957310730614,0.01666318398200328,1.6786523469758434,0.02806538556812612,0.012494687542661219,-0.00039774232588559116,-0.04006863811625572,-0.07606695969220272,-0.06455016425413214,0.0,0.02806538556812612,0.11698909211869199,0.02806538556812612,0.11698909211869199
612,0,DETACHED,4,0.32946270182777604,0.005050726524707751,0.6538746771308444,0.00897067711090303,0.9939583756386717,0.006041624361328259,0.010208078663407803,1.679416772684276,0.016841954472120252,0.006473834773410198,-0.00014268778119541978,-0.02347476551642233,-0.08019394251405752,-0.07122326540315449,0.0,0.016841954472120252,0.11621172579505692,0.016841954472120252,0.11621172579505692
612,0,DETACHED,5,0.3269823915577732,0.005032215519375221,0.6489325675961711,0.008780805463846216,0.9941783073539554,0.0058216926460445744,0.009833549938066878,1.6792885896080796,0.014057107822428713,0.0005572166331996367,-9.937969822401013e-05,-0.01697120514131257,-0.08369327852970293,-0.07491247306585672,0.0,0.014057107822428715,0.11596512844935801,0.014057107822428715,0.11596512844935801
612,0,DETACHED,6,0.3245911980595254,0.0050238868745107555,0.6441585092445401,0.009926559167264381,0.9923292024541346,0.007670797545865393,0.012968399013088138,1.6776509838538454,0.01605397435961942,-0.0048271535768281935,-0.00012986118523062914,-0.01679943260125773,-0.08631341113850241,-0.07638685197123803,0.0,0.01605397435961942,0.11621679395265293,0.01605397435961942,0.11621679395265294
612,0,DETACHED,7,0.32226669823180787,0.005017068898759738,0.639516327564856,0.010852631512933638,0.9908028850554658,0.009197114944534316,0.015547578942202002,1.6749367779420896,0.017366892052618776,-0.009492075311149196,-0.00015220431032073,-0.01639693215678217,-0.08803641496079385,-0.07718378344786021,0.0,0.017366892052618776,0.11691775983830581,0.017366892052618776,0.1169177598383058
612,0,DETACHED,8,0.3200165468686063,0.005008373770700854,0.6350247199665118,0.011352891705005516,0.9899295979023173,0.010070402097682665,0.017005476224120922,1.6716536318401052,0.017318288057481514,-0.013384461938504375,-0.00015148708649456006,-0.014891317066223363,-0.08898284495271236,-0.07762995324770684,0.0,0.017318288057481514,0.11803413666518275,0.017318288057481514,0.11803413666518275
612,0,DETACHED,9,0.31786048216959023,0.004997468050732026,0.6307234962884485,0.011572562572998811,0.9894920552677268,0.010507944732273265,0.01771375083663235,1.6680346317398145,0.016492454486980987,-0.016467066805974668,-0.00013744478975707597,-0.012942638257781126,-0.08928036545906876,-0.07770780288606995,0.0,0.016492454486980987,0.11954577904971371,0.016492454486980987,0.11954577904971371
612,0,DETACHED,10,0.31581711704787097,0.00498486191117847,0.6266493721845635,0.011680356805597682,0.9892297295667163,0.010770270433283673,0.018118519242714383,1.6641530035523129,0.015618802911720275,-0.018703669126561986,-0.0001233014926179032,-0.011325017598503628,-0.08904126808773732,-0.07736091128213965,0.0,0.015618802911720275,0.12147422102485768,0.015618802911720277,0.12147422102485768
612,0,DETACHED,11,0.3138915539940063,0.00497095031937831,0.6228121576686343,0.011791091107965342,0.9889613371405773,0.011038662859422569,0.018532168397271134,1.6603096110173552,0.01525394697603258,-0.020112046005874084,-0.0001176400378908536,-0.010539451259216423,-0.08838872392703034,-0.07659763281906501,0.0,0.01525394697603258,0.12383742054137413,0.01525394697603258,0.12383742054137413
612,0,DETACHED,12,0.3120748207547144,0.004955479095128307,0.6191941624143005,0.01193217773425619,0.9886417139971913,0.011358286002808833,0.019034467997915132,1.6567877461291132,0.015549154340149187,-0.0207706324059626,-0.00012227695699600395,-0.010643163970073938,-0.08746338155368626,-0.07553120381943007,0.0,0.015549154340149186,0.12659783253552326,0.015549154340149187,0.12659783253552326
612,0,DETACHED,13,0.3103471100971251,0.004937527154301675,0.6157566930399486,0.01204949464386379,0.9883566726671875,0.011643327332812547,0.01948201060911414,1.6537519415285256,0.016202624799660045,-0.02081197736728828,-0.00013280886225521522,-0.011273626640158345,-0.08640993888099016,-0.07436044423712637,0.0,0.016202624799660045,0.12965886776431768,0.016202624799660045,0.1296588677643177
612,0,DETACHED,14,0.3086849646520943,0.00491593979469445,0.6124539895094941,0.012055197628301928,0.9882488712650032,0.011751128734996768,0.019634637078817577,1.651237797527608,0.016709422121287683,-0.020400278921152447,-0.0001412623863005194,-0.011879913577827673,-0.08535846792197567,-0.07330327029367374,0.0,0.016709422121287683,0.13288368590192062,0.01670942212128768,0.13288368590192065
612,0,DETACHED,15,0.3070675119398958,0.004889944286823019,0.6092450795929686,0.011879333114721204,0.9884349641136786,0.011565035886321379,0.019296440755443154,1.6492189832447663,0.016650201750373298,-0.01969815812604138,-0.00014023644872615524,-0.011985661828167293,-0.08441029591390847,-0.07253096279918728,0.0,0.016650201750373298,0.13612349482869962,0.016650201750373298,0.13612349482869962
612,0,DETACHED,16,0.30548075685549597,0.00485961917062415,0.6061018945403678,0.011501465426348655,0.9889531283347632,0.011046871665236772,0.018404820395976622,1.6476614609653308,0.015843186827172534,-0.0188370284013621,-0.00012690518976533687,-0.011360979671311921,-0.08362856231952354,-0.07212709689317488,0.0,0.015843186827172534,0.1392474153192048,0.015843186827172534,0.1392474153192048
612,0,DETACHED,17,0.30391964989322723,0.004825952386120086,0.6030133474003344,0.010959987019952202,0.9897456304078651,0.010254369592134847,0.0170589799656724,1.6465225608007854,0.014381781165686277,-0.01789826254507394,-0.00010448928651114804,-0.010085243546143126,-0.08303426257773971,-0.07207427555778752,0.0,0.014381781165686277,0.1421659779902379,0.014381781165686277,0.1421659779902379
612,0,DETACHED,18,0.302388619817119,0.0047904157296597555,0.5999868239045782,0.010342550973832115,0.9906717594933122,0.009328240506687796,0.01549617838920005,1.6457151055705357,0.01260482207783717,-0.01690594808610596,-8.018879012721261e-05,-0.008516157977489043,-0.08260523283073022,-0.0722626818568981,0.0,0.01260482207783717,0.1448459987362526,0.012604822077837169,0.14484599873625262
612,0,DETACHED,19,0.3008983753152931,0.0047542947319629695,0.5970424558986233,0.009756732550693464,0.9915540472582182,0.008445952741781866,0.014012994605353168,1.6451242316818977,0.010994770991907677,-0.01583577404600405,-6.095733737296416e-05,-0.007156385600317192,-0.08228538402927421,-0.07252865147858074,0.0,0.010994770991907677,0.14730882331321934,0.010994770991907677,0.14730882331321932
612,0,DETACHED,20,0.29945862137456647,0.00471818302854899,0.594199059720584,0.009280009420199735,0.9922612817955179,0.007738718204482143,0.012826901981818996,1.644670068820123,0.009954488964327409,-0.01464374682239282,-4.9932337560126975e-05,-0.006402342605234273,-0.0820046734670814,-0.07272466404688166,0.0,0.009954488964327409,0.14961359048615167,0.009954488964327409,0.14961359048615167
612,0,DETACHED,21,0.2980706945958826,0.004681883889686617,0.5914595053020786,0.008914722544345966,0.9927862984200543,0.007213701579945695,0.011947932370301777,1.6443352168408305,0.009533121622287286,-0.013301483421075695,-4.577037777916094e-05,-0.006299152166064895,-0.08170452901360943,-0.07278980646926346,0.0,0.009533121622287286,0.15182723492712027,0.009533121622287285,0.15182723492712027
612,0,DETACHED,22,0.296725766891667,0.004644705181351959,0.5888068286019821,0.008589871434288264,0.9932464531766714,0.00675354682332863,0.011179322166843728,1.6441467545292174,0.009385220467108208,-0.011814912718194636,-4.4340638184267116e-05,-0.006521192902073754,-0.081357519725511,-0.07276764829122273,0.0,0.009385220467108208,0.1539923588370764,0.009385220467108208,0.15399235883707638
612,0,DETACHED,23,0.2954106345602638,0.004605985787265306,0.5862152833332622,0.00821877208653414,0.9937882934222125,0.006211706577787496,0.010276705093224602,1.6441325887992422,0.009076150923738185,-0.010224072553538712,-4.144570636206706e-05,-0.0066307474893489435,-0.08096589574675966,-0.07274712366022552,0.0,0.009076150923738185,0.15611708460155335,0.009076150923738185,0.15611708460155335
612,0,DETACHED,24,0.29411694981598163,0.004565508723580592,0.5836683909083826,0.007763085251703167,0.9944783964533919,0.005521603546608099,0.00912935065275734,1.6442582161466495,0.008395724006305727,-0.008592625216612968,-3.543977518337265e-05,-0.006382944827083693,-0.08054413606914529,-0.07278105081744213,0.0,0.008395724006305727,0.15818757409415804,0.008395724006305727,0.15818757409415807
612,0,DETACHED,25,0.29284672461432765,0.004523377800378469,0.5811700714282768,0.007262803428052039,0.9952493863956129,0.004750613604387163,0.007849166977347988,1.6443936022723613,0.007474964788404413,-0.006998219417183006,-2.8070903309090516e-05,-0.005880829640226424,-0.08010718914785037,-0.07284438571979833,0.0,0.007474964788404413,0.1601796973481117,0.007474964788404413,0.1601796973481117
612,0,DETACHED,26,0.2916103596090733,0.004480003675691942,0.5787407155424547,0.006834001338246621,0.9959008206309248,0.004099179369075213,0.006768280622241955,1.6443623513532257,0.006761397917199297,-0.0055302542383135955,-2.295233664218923e-05,-0.005576299263652468,-0.07968190458423084,-0.07284790324598422,0.0,0.006761397917199297,0.1620410910140545,0.006761397917199297,0.1620410910140545
612,0,DETACHED,27,0.29041771808927164,0.004435994243125498,0.5763994419354178,0.006607048029205144,0.9962042088618788,0.003795791138121189,0.006263988315320157,1.6439817937591532,0.006736224688492064,-0.004297866117768921,-2.2774809948700674e-05,-0.005977241818988786,-0.07930982254042795,-0.07270277451122281,0.0,0.006736224688492064,0.16369676989341297,0.006736224688492065,0.16369676989341297
612,0,DETACHED,28,0.2892655748931499,0.004391739361606971,0.5741394104246929,0.006583335506815325,0.996153391656487,0.003846608343512977,0.0063448399319114435,1.6431186263998119,0.007320695876152262,-0.0034322116449188736,-2.6899766923442634e-05,-0.006966213261806691,-0.07905542215508428,-0.07247208664826896,0.0,0.007320695876152262,0.16505062094030654,0.007320695876152262,0.16505062094030654
612,0,DETACHED,29,0.2881365102694858,0.00434742885608393,0.5719255916828876,0.00661324178037686,0.9960079279424562,0.003992072057543804,0.006580212407534717,1.6417398360996343,0.00784746023179192,-0.0030589658128386756,-3.091472987407466e-05,-0.007713116296734076,-0.07900438653935746,-0.07239114475898059,0.0,0.007847460231791921,0.16598913378679817,0.00784746023179192,0.16598913378679817
612,0,DETACHED,30,0.28701443039712565,0.004303430246131385,0.56972543054812,0.006562154565393824,0.9960052415398479,0.003994758460152007,0.006577295166477246,1.6399040208095002,0.007750170119724708,-0.003237986190761911,-3.0153022484003992e-05,-0.007517993576311008,-0.07923709503158365,-0.07267494046618982,0.0,0.007750170119724709,0.16640923315642978,0.007750170119724708,0.1664092331564298
612,0,DETACHED,31,0.28589881587988447,0.004260626888035975,0.567537004871733,0.006413287831367806,0.9961783219970319,0.0038216780029680848,0.006282882908314112,1.6377287013838597,0.006965380708427582,-0.003917763666147403,-2.4351327137933693e-05,-0.006347542673094781,-0.07980064067405503,-0.07338735284268721,0.0,0.006965380708427583,0.16625385806885123,0.006965380708427582,0.16625385806885126
612,0,DETACHED,32,0.2848042129549628,0.0042202884783573815,0.5653881374315681,0.006259400858358759,0.9963663057607361,0.0036336942392638663,0.005964109356737113,1.6353708418045239,0.005908057021756346,-0.004933032084797313,-1.751621746465725e-05,-0.004802982237079438,-0.08070054521561354,-0.07444114435725478,0.0,0.005908057021756346,0.1655337073531003,0.005908057021756345,0.1655337073531003
612,0,DETACHED,33,0.28374605707089745,0.004183474271517591,0.5633086398702774,0.006224581440952876,0.99634946288413,0.0036505371158700936,0.005983225293783023,1.6330153943263166,0.005204735024140773,-0.006046792295783557,-1.3594259685302808e-05,-0.0037103124570014136,-0.0819115037074926,-0.07568692226653972,0.0,0.005204735024140773,0.16432951377965976,0.005204735024140772,0.1643295137796598
612,0,DETACHED,34,0.28272248645429415,0.004150693482794709,0.5612942794257936,0.006337905513530865,0.9960742399519251,0.003925760048074803,0.0064275153398487194,1.6308389658351226,0.005185562732949993,-0.007043922182021364,-1.3498020417964837e-05,-0.0034248222672889446,-0.083386174267442,-0.07704826875391114,0.0,0.005185562732949993,0.16279380674349067,0.0051855627329499936,0.1627938067434907
612,0,DETACHED,35,0.2817077396753442,0.004121980509002589,0.5592934988416858,0.00650052260117962,0.9957156626130238,0.0042843373869761526,0.007009223095333775,1.6290017774950802,0.005560420606703732,-0.007794219612106319,-1.5525655809369153e-05,-0.003608291613242598,-0.0850638200644838,-0.07856329746330419,0.0,0.005560420606703732,0.161127156702071,0.0055604206067037315,0.161127156702071
612,0,DETACHED,36,0.28066681862653997,0.004096926847235619,0.5572367104058443,0.0065893827834083195,0.9954939854079242,0.004506014592075728,0.007367312198729788,1.6276278810449702,0.005790563876209841,-0.008253748920320821,-1.6841201702854326e-05,-0.003720652620991647,-0.08686218717944023,-0.08027280439603192,0.0,0.00579056387620984,0.1595492942446308,0.005790563876209842,0.15954929424463082
612,0,DETACHED,37,0.27957828378373684,0.004074629399419705,0.555081938168054,0.006536439261781035,0.9955321647767924,0.0044678352232076,0.0073007502566857915,1.626768075460739,0.005527987850865407,-0.008441429871965323,-1.5347896713195133e-05,-0.0034198496758097224,-0.08867344185881769,-0.08213700259703666,0.0,0.005527987850865407,0.15825664405028955,0.005527987850865406,0.15825664405028955
612,0,DETACHED,38,0.2784481419452381,0.0040539918099172755,0.5528422920805589,0.006354369179493084,0.9958082609114638,0.004191739088536234,0.006845979452464326,1.6263614573336265,0.004787056287742268,-0.008389070261067715,-1.1506184875910665e-05,-0.002733460673242318,-0.09040499953901643,-0.08405063035952334,0.0,0.004787056287742268,0.1573439768113221,0.004787056287742268,0.15734397681132206
612,0,DETACHED,39,0.2773057449098088,0.004034252030738117,0.5505772377888795,0.006134102459766662,0.9961579409419815,0.003842059058018504,0.006272164197421109,1.6262285607279012,0.003998026499277329,-0.00811178692269454,-8.022932525041575e-06,-0.0020801627002016198,-0.09201952331752479,-0.08588542085775813,0.0,0.003998026499277329,0.15677900478293585,0.003998026499277329,0.15677900478293585
612,0,DETACHED,40,0.27618637859272893,0.004014764143032446,0.5483579930424254,0.005973343728899714,0.996401940022608,0.0035980599773920542,0.005871995367438265,1.6261173000679328,0.003730330367523636,-0.007607838832559394,-6.982806883411572e-06,-0.0019337316134673164,-0.09354305651271316,-0.08756971278381345,0.0,0.0037303303675236352,0.1564390548989812,0.0037303303675236357,0.15643905489898116
612,0,DETACHED,41,0.27511184541694705,0.00399475198495706,0.5462289388489371,0.0058736164758808225,0.9965349575212322,0.0034650424787677175,0.005653078272477449,1.625806941948651,0.0039837941861976395,-0.006892746878237941,-7.962899845208879e-06,-0.0022901041206897744,-0.09505409994101749,-0.08918048346513667,0.0,0.0039837941861976395,0.15616069277688116,0.0039837941861976395,0.15616069277688116
612,0,DETACHED,42,0.2740861799386064,0.003973645020764357,0.5441987148564484,0.005754256914700752,0.9967039443495689,0.003296055650431013,0.0053745129228565305,1.6252147406759792,0.004210669681409367,-0.006036304633532244,-8.894185312726022e-06,-0.002689538807335005,-0.09664222993931965,-0.0908879730246189,0.0,0.004210669681409367,0.15580719843743412,0.004210669681409367,0.15580719843743412
612,0,DETACHED,43,0.273107948515258,0.003951488583667513,0.5422644084468484,0.005563032677743268,0.9970063061193378,0.002993693880662105,0.004877506116874103,1.6243826358036355,0.0040818969151032525,-0.005131750262224363,-8.355956388271377e-06,-0.0027828300236636743,-0.09835816555604499,-0.09279513287830171,0.0,0.0040818969151032525,0.1553199955570029,0.0040818969151032525,0.1553199955570029
612,0,DETACHED,44,0.2721797094923068,0.003928838774590245,0.5404305802100233,0.005324990490086209,0.9973976753332422,0.0026023246667578404,0.004235683615875992,1.623418109925998,0.0036979326504329563,-0.004242028332334345,-6.855192379794365e-06,-0.002627401965215781,-0.10019428186955193,-0.09486929137946572,0.0,0.0036979326504329568,0.1547203371480647,0.003697932650432956,0.1547203371480647
612,0,DETACHED,45,0.2713050667582019,0.003906404677533212,0.5387037288388705,0.005113218453064838,0.9977434184484297,0.0022565815515702835,0.003669438826956873,1.622435686602003,0.0033895921679503627,-0.0034019319001038764,-5.757660162217492e-06,-0.0025457389423917277,-0.10209585569668106,-0.09698263724361622,0.0,0.0033895921679503623,0.15408046707148315,0.0033895921679503627,0.15408046707148315
612,0,DETACHED,46,0.2704787588040812,0.003884517843005998,0.5370729997651563,0.004973303393671075,0.9979579724851896,0.0020420275148105085,0.003317939175823236,1.6215079516404065,0.003324965642832159,-0.002667560134773077,-5.5390090719368144e-06,-0.00270696561281158,-0.10399136791933296,-0.09901806452566188,0.0,0.003324965642832159,0.15348408012220124,0.0033249656428321586,0.15348408012220124
612,0,DETACHED,47,0.26968361475573804,0.003862920627153713,0.5355043088843223,0.004870757641485225,0.9981042916586397,0.0018957083413603526,0.003078220959711819,1.6207058245875585,0.0033112168330213586,-0.002091561710009154,-5.492490617921236e-06,-0.002891836438145374,-0.10584767951459692,-0.10097692187311169,0.0,0.0033112168330213586,0.15297285304341499,0.003311216833021358,0.15297285304341499
612,0,DETACHED,48,0.26890414870668794,0.0038418543448167732,0.5339664430685591,0.0047791570321357784,0.9982319199915335,0.0017680800084665575,0.002869580873785612,1.6201230778545817,0.0032422649099411974,-0.0016710129185650814,-5.265450611079017e-06,-0.002972795828214026,-0.10770492167904835,-0.10292576464691258,0.0,0.0032422649099411974,0.15251848913789792,0.0032422649099411974,0.1525184891378979
612,0,DETACHED,49,0.26813344903047776,0.0038219104723182283,0.5324449875886372,0.004736818217548847,0.9982692625713174,0.0017307374286826703,0.002808322912757422,1.6198080637305607,0.003310074995461684,-0.0013781591607618438,-5.4877961720262405e-06,-0.0031652971427098982,-0.10963806660837572,-0.10490124839082687,0.0,0.0033100749954616832,0.15207096716527876,0.003310074995461684,0.15207096716527876
612,0,DETACHED,50,0.2673616477987938,0.00380319489947762,0.5309201006981099,0.004759377739631651,0.9981860137103641,0.0018139862896359245,0.002943577679711396,1.6197686206038742,0.003602757987143021,-0.0011836943936073252,-6.501726599872545e-06,-0.003577718637699283,-0.1117294200345713,-0.10697004229493964,0.0,0.003602757987143021,0.15159394772829618,0.0036027579871430212,0.15159394772829618
612,0,DETACHED,51,0.2665702887130616,0.0037853709870510634,0.5293552064390721,0.004786709499223928,0.9980947565011763,0.0019052434988238126,0.003092319324169973,1.6199649571231676,0.003863316633710266,-0.0010850933741324439,-7.476852931590787e-06,-0.003916878714326119,-0.11403898550867475,-0.10925227600945082,0.0,0.003863316633710266,0.15108723952656408,0.0038633166337102656,0.15108723952656405
612,0,DETACHED,52,0.2657451935328677,0.0037680632153544165,0.527722323850381,0.004758166296509893,0.9981103253555845,0.0018896746444154937,0.0030675941144989566,1.620277526996449,0.0038257110761245145,-0.00109038032845463,-7.331887500897047e-06,-0.003872641589713705,-0.11656591113545048,-0.11180774483894058,0.0,0.0038257110761245145,0.15059649029963543,0.003825711076124515,0.15059649029963543
612,0,DETACHED,53,0.26488934918477564,0.003750970719038693,0.5260277276505125,0.004679529481822797,0.9982220944155361,0.0017779055844637885,0.002886248313227842,1.6205117197505974,0.003520452354038464,-0.0011855462428726961,-6.20782932294815e-06,-0.003485445145500467,-0.11923269648565743,-0.11455316700383464,0.0,0.003520452354038464,0.15019607736634014,0.003520452354038464,0.15019607736634014
612,0,DETACHED,54,0.26402041861073333,0.0037337464533265326,0.5243070907681401,0.004615472116410016,0.9983062412382178,0.0016937587617822114,0.0027493116474919164,1.620452120296115,0.0032488985872259385,-0.00133388925513415,-5.286625282932576e-06,-0.003115952008115999,-0.12191228561917498,-0.11729681350276497,0.0,0.0032488985872259385,0.14995176123532286,0.0032488985872259385,0.14995176123532286
612,0,DETACHED,55,0.2631555715060881,0.0037159385669015585,0.5225952044452746,0.004607955788006311,0.9982808771138798,0.0017191228861201866,0.0027896905049630857,1.619950910231856,0.003223084785945608,-0.0014925702935822988,-5.203082506913029e-06,-0.003021388296690904,-0.12449224368887186,-0.11988428790086555,0.0,0.003223084785945608,0.1498880206146493,0.003223084785945608,0.1498880206146493
612,0,DETACHED,56,0.2623016258206545,0.0036973811581450956,0.520905870483164,0.004622733064119623,0.9982108725493232,0.0017891274506769118,0.002901822754418495,1.6190188253920275,0.0033231787947277636,-0.0016062882088208894,-5.531655487544591e-06,-0.0030862858030460552,-0.1269382256212568,-0.1223154925571372,0.0,0.0033231787947277636,0.14998359603058772,0.0033231787947277636,0.14998359603058772
612,0,DETACHED,57,0.2614577975420303,0.0036782398786208773,0.5192373552054397,0.004613690252817746,0.9981855613713592,0.0018144386286408226,0.0029409545616189948,1.617921010784673,0.003385067486746939,-0.0015948541006184183,-5.739755378793851e-06,-0.003157638321009187,-0.1293157488214694,-0.12470205856865166,0.0,0.003385067486746939,0.15019767147875215,0.003385067486746939,0.15019767147875215
612,0,DETACHED,58,0.26061859227682554,0.003658528187862782,0.5175786563657883,0.004569774461886205,0.9982268717957123,0.0017731282042876865,0.002872523694901628,1.6171590611366071,0.0034032826386056355,-0.0013734531525328216,-5.801453079197846e-06,-0.003266073115927755,-0.13176417664940512,-0.12719440218751893,0.0,0.0034032826386056355,0.15050213206583327,0.003403282638605636,0.1505021320658333
612,0,DETACHED,59,0.25977868619477024,0.0036384136209731753,0.5159189587685673,0.0045105381588662645,0.9982975645939437,0.0017024354060563044,0.002757658662627873,1.6170739383645956,0.003457889070878697,-0.0009416163677009652,-5.988693777574139e-06,-0.0035117328927623597,-0.1343805647484583,-0.12987002658959204,0.0,0.003457889070878697,0.150901304390822,0.0034578890708786966,0.150901304390822
612,0,DETACHED,60,0.2589368352956536,0.003618415897321107,0.514255254693986,0.004464485182050769,0.9983431095830778,0.0016568904169222435,0.002684453165120677,1.6174909897631946,0.0035955642565888507,-0.0004342952394152661,-6.474769144577101e-06,-0.003901308798464141,-0.13712363048094472,-0.13265914529889394,0.0,0.0035955642565888507,0.15141465005127822,0.0035955642565888507,0.15141465005127822
612,0,DETACHED,61,0.2580909853652224,0.003598647573865743,0.5125833231565791,0.004436340754016237,0.9983541878167718,0.001645812183228222,0.0026671838604392785,1.617921050702061,0.0037554539893670767,-2.3586764274298268e-05,-7.0633422678853424e-06,-0.004284642807355314,-0.13988085794527877,-0.13544451719126252,0.0,0.0037554539893670767,0.15203964125127487,0.0037554539893670767,0.15203964125127484
612,0,DETACHED,62,0.2572364798814848,0.0035790891025204562,0.5108938706604491,0.004414405765904366,0.9983534549085703,0.0016465450914296435,0.002668430427447939,1.6179555302143005,0.003853285236347,0.00019881072367244223,-7.436147508504151e-06,-0.004508776343245441,-0.1425859378353005,-0.1381715320693961,0.0,0.003853285236347,0.152747649499406,0.003853285236347,0.152747649499406
612,0,DETACHED,63,0.2563686984589583,0.003559704378468218,0.5091776925394484,0.004394710162444017,0.9983485441508659,0.0016514558491339654,0.0026755592023181255,1.6174459861125061,0.003887260305231813,0.0002549868219992889,-7.567894383761155e-06,-0.004574991420011358,-0.14524892758803915,-0.14085421742559512,0.0,0.003887260305231813,0.15351032263812128,0.0038872603052318125,0.15351032263812128
612,0,DETACHED,64,0.2554846661356893,0.0035400187337647584,0.5074293135376139,0.0043851183439675475,0.9983228466670804,0.0016771533329196125,0.0027155402467642317,1.616421001095571,0.00394248058434224,0.0002521184893695262,-7.784632601470877e-06,-0.00463379014095801,-0.14790543833192224,-0.1435203199879547,0.0,0.00394248058434224,0.15431382181885772,0.00394248058434224,0.15431382181885772
612,0,DETACHED,65,0.2545830934028066,0.0035198147829526892,0.5056463720226605,0.004404969638123219,0.9982371877320403,0.0017628122679597077,0.002851732658069956,1.6148659959407745,0.004117986848575358,0.00021320345424522905,-8.49388096007882e-06,-0.004809875672316121,-0.15053400994423954,-0.14612904030611631,0.0,0.004117986848575358,0.15514408983337516,0.004117986848575358,0.15514408983337516
612,0,DETACHED,66,0.25366032192112514,0.0034990606472985724,0.5038215831949517,0.00444761786771744,0.998104108494679,0.0018958915053209938,0.0030633910590828484,1.6127416539475325,0.004373725353552422,0.00011410560051085292,-9.582904882115932e-06,-0.005044981058942093,-0.15308950305654728,-0.14864188518882984,0.0,0.004373725353552422,0.15598158193108416,0.004373725353552421,0.15598158193108416
612,0,DETACHED,67,0.25271031946625583,0.003477770316807757,0.5019428686157039,0.004490150270455094,0.9979690053383832,0.002030994661616772,0.0032768087953562106,1.6101241800323094,0.004619732635703572,-1.1317869830052861e-05,-1.0692681591923901e-05,-0.0052540585233236,-0.15557655944989207,-0.15108640917943697,0.0,0.004619732635703571,0.15682021873962315,0.004619732635703572,0.15682021873962318
612,0,DETACHED,68,0.2517258998220695,0.0034561864210734096,0.4999956132230656,0.004519282559214336,0.9978589894764492,0.0021410105235507575,0.003448493229485062,1.6072363640153595,0.004824500726071671,-9.517490203834325e-05,-1.1662873963824434e-05,-0.005435705943486988,-0.15806734086521013,-0.1535480583059958,0.0,0.004824500726071671,0.15768242695567533,0.004824500726071671,0.15768242695567533
612,0,DETACHED,69,0.2506968318356944,0.003434540592966274,0.49795912307842255,0.004524489364827535,0.997795966448456,0.0022040335515440537,0.003543920482805437,1.604381004399901,0.004980946892488045,-4.508728693563045e-05,-1.2432317217163223e-05,-0.005628279099563976,-0.1606853477747413,-0.15616085840991378,0.0,0.004980946892488045,0.1586202998104609,0.004980946892488045,0.1586202998104609
612,0,DETACHED,70,0.24961180393168358,0.0034127456250970566,0.4958108622382701,0.004497658557793249,0.9977966752997383,0.002203324700261796,0.003536897966244239,1.6017180904719055,0.005081364278262729,0.00020721189174560672,-1.2938639488174334e-05,-0.005859386708944121,-0.16352295644722073,-0.15902529788942749,0.0,0.005081364278262729,0.15968479539982589,0.005081364278262729,0.15968479539982589
612,0,DETACHED,71,0.24846635204540896,0.0033908319196083517,0.49354187217120954,0.004460742749018302,0.9978171813552396,0.002182818644760502,0.003497991307752295,1.599013200425308,0.005164419215352868,0.0005293850124543308,-1.3364785819623276e-05,-0.006109354502703612,-0.16652279451684648,-0.16206205176782817,0.0,0.005164419215352868,0.16086359356111074,0.005164419215352869,0.1608635935611107
612,0,DETACHED,72,0.24726098376491215,0.0033686055047080668,0.4911533620251162,0.004432097761997362,0.9978197509391732,0.002180249060826894,0.0034870387084150038,1.5958892761665882,0.005235379278325487,0.000734601609601177,-1.3734542818039862e-05,-0.006285794747120433,-0.16957048233150646,-0.1651383845695091,0.0,0.005235379278325487,0.16210090678845607,0.005235379278325487,0.16210090678845607
612,0,DETACHED,73,0.24599816670648592,0.0033461087618358383,0.488650224651136,0.004417090154462499,0.9977931747175394,0.002206825282460525,0.00352154138991756,1.5922284338827861,0.005308498809422784,0.0007917965115035301,-1.4121242920718767e-05,-0.006384773600704658,-0.1726512665490395,-0.168234176394577,0.0,0.005308498809422784,0.16337828302498206,0.005308498809422784,0.16337828302498206
612,0,DETACHED,74,0.24468374006092258,0.0033234613261344794,0.4860440187957107,0.0044106723200179835,0.9977477425043121,0.00225225749568792,0.003585018672385287,1.5881595661492953,0.005422399820263172,0.0008484746980178005,-1.4734395558235507e-05,-0.006527322001832104,-0.17583189661069837,-0.17142122429068038,0.0,0.005422399820263172,0.16472735805017788,0.005422399820263172,0.16472735805017788
612,0,DETACHED,75,0.24332829219038568,0.0033006204076164378,0.48335596397315495,0.004404761702950039,0.9976999708260037,0.002300029173996395,0.00365082290113836,1.583643348152747,0.005565375730245745,0.0009671849476869492,-1.5522405494893036e-05,-0.006733263944863534,-0.17908461662093872,-0.17467985491798868,0.0,0.005565375730245745,0.16613309970787235,0.005565375730245745,0.16613309970787238
612,0,DETACHED,76,0.24194028818285218,0.0032775167177644428,0.4806030596479399,0.004396333174793137,0.997656072519898,0.0023439274801021026,0.0037083674890008625,1.578408622256486,0.005677576759469434,0.0010390893268552401,-1.6155305795036154e-05,-0.0068762532401948,-0.18228118752146033,-0.1778848543466672,0.0,0.005677576759469434,0.1675102206692555,0.0056775767594694345,0.16751022066925553
612,0,DETACHED,77,0.24052087546158563,0.003254096993139725,0.47778765393003153,0.004376903554202056,0.9976338732116017,0.0023661267883983454,0.0037291520823120442,1.5723284373067774,0.005706628908356296,0.001034498569445458,-1.632142531049589e-05,-0.006881629010195973,-0.1853677509573198,-0.18099084740311774,0.0,0.005706628908356296,0.16880909522034895,0.005706628908356295,0.16880909522034898
612,0,DETACHED,78,0.23906795633435912,0.00323046637236843,0.4749054462963498,0.004344685991989659,0.9976377385550516,0.002362261444948395,0.003706957139544919,1.5655338851355993,0.005707088646831658,0.0011069569834460055,-1.6323991948204294e-05,-0.006894000004200707,-0.18840966394745418,-0.1840649779554645,0.0,0.0057070886468316585,0.17006346068612418,0.005707088646831659,0.17006346068612418
612,0,DETACHED,79,0.23757711369042547,0.003206496849233735,0.4719477305316172,0.004309028448255087,0.9976478886007958,0.002352111399204154,0.0036733215288917457,1.5580390744633337,0.005733710705680726,0.0012817932007814486,-1.6476473729897666e-05,-0.006988495202132284,-0.19143312022654485,-0.18712409177828976,0.0,0.005733710705680726,0.17128540754436516,0.005733710705680727,0.17128540754436516
612,0,DETACHED,80,0.23604319763733805,0.0031822213474452365,0.4689041739272309,0.004284132388557647,0.9976339722982597,0.002366027701740419,0.0036752455250249395,1.5496647776376276,0.005741303082908248,0.0012869238492077457,-1.6520368193695104e-05,-0.00696580202031551,-0.19438499405116694,-0.19010086166260928,0.0,0.005741303082908248,0.1724284115208527,0.005741303082908248,0.1724284115208527
612,0,DETACHED,81,0.23446734145491036,0.0031577629304880344,0.4657769199793327,0.00427424792468942,0.9975866001716754,0.0024133998283246694,0.0037275266988220208,1.5407851790179055,0.00578714551278704,0.0012120310798065356,-1.678603801434766e-05,-0.0069385629337306975,-0.19741096297514132,-0.1931367150504519,0.0,0.00578714551278704,0.1736109796855391,0.00578714551278704,0.1736109796855391
612,0,DETACHED,82,0.23285104997559222,0.0031329000263586493,0.4625691999248258,0.004252446050788191,0.997563218176977,0.0024367818230230298,0.0037423243638646385,1.5320227279303844,0.00585306811233823,0.0013132815951163543,-1.7171045254794492e-05,-0.007029436530589804,-0.20072771458568056,-0.19647526853489236,0.0,0.00585306811233823,0.17503057311822,0.005853068112338229,0.17503057311822
612,0,DETACHED,83,0.231195351282926,0.0031075902516900468,0.45928311231416197,0.004221442269397132,0.9975582819247488,0.00244171807525119,0.003728807794506101,1.5233958149457758,0.0058636043950085455,0.0013772877901422297,-1.7233006393784386e-05,-0.007040504972636227,-0.20427119187472476,-0.20004974960532762,0.0,0.0058636043950085455,0.17665847407590063,0.005863604395008545,0.17665847407590063
612,0,DETACHED,84,0.22950217587610455,0.003081936604934945,0.45592241514727416,0.004186566588224458,0.9975606642170213,0.0024393357829786706,0.003704552536302559,1.5149680968596464,0.005813031581496031,0.001330997698912104,-1.6936983072599818e-05,-0.006926339621478369,-0.20795311447834136,-0.2037665478901169,0.0,0.005813031581496031,0.17842976553855353,0.005813031581496031,0.17842976553855353
612,0,DETACHED,85,0.2277722375841567,0.00305596314041506,0.45248851202789836,0.00414355163533088,0.9975800851593682,0.002419914840631847,0.003655756955417939,1.5070407741933434,0.005799089737860307,0.0014559570074070163,-1.6855509792170853e-05,-0.0069484762899705965,-0.21180330394625518,-0.20765975231092432,0.0,0.005799089737860308,0.18037691565257613,0.005799089737860308,0.18037691565257613
612,0,DETACHED,86,0.22601647187336996,0.003029626165930298,0.44900331758080964,0.004113394936211824,0.997569881831273,0.002430118168726953,0.003651856051549024,1.4990964870309162,0.005779812356684644,0.0014156350380261314,-1.674380486365504e-05,-0.006873375811182211,-0.2155851709109119,-0.21147177597470007,0.0,0.005779812356684644,0.1822647355954401,0.005779812356684644,0.1822647355954401
612,0,DETACHED,87,0.22424487529535592,0.0030029188593589,0.44548683173135295,0.004085657322058245,0.9975530444583359,0.0024469555416641096,0.003657771085677184,1.4911675428183224,0.005773950949764071,0.001374603223340934,-1.6710143764026092e-05,-0.006812242601598062,-0.21938049478155236,-0.21529483745949413,0.0,0.00577395094976407,0.1841636459698817,0.00577395094976407,0.18416364596988166
612,0,DETACHED,88,0.22245737281991934,0.0029758474825478717,0.4419388981572908,0.0040434583029728965,0.9975678799872018,0.0024321200127982736,0.003616686640612927,1.4834343723454735,0.005779907277852697,0.0015195711204240496,-1.674438843249603e-05,-0.006867944008679449,-0.22336587683177267,-0.21932241852879977,0.0,0.005779907277852697,0.18625946724273362,0.0057799072778526965,0.18625946724273365
612,0,DETACHED,89,0.2206560617935953,0.00294842278919064,0.4383637007979999,0.004009511682158786,0.9975630416603188,0.0024369583396811317,0.0036045686160862895,1.4755215031730342,0.005771661935072949,0.0015328445321375545,-1.669672998175946e-05,-0.00683476630485378,-0.22746773139610021,-0.22345821971394142,0.0,0.005771661935072949,0.18847660598248406,0.005771661935072949,0.18847660598248406
612,0,DETACHED,90,0.21882796786330996,0.002920741321134215,0.4347351944054857,0.0039771888051913845,0.9975534689112159,0.002446531088784102,0.0035995736401369894,1.4676973400344553,0.005796387350664763,0.0016002341123167122,-1.6840253362868498e-05,-0.006866478515841044,-0.23188155766042998,-0.2279043688552386,0.0,0.005796387350664763,0.191038771078639,0.005796387350664763,0.191038771078639
612,0,DETACHED,91,0.21696817200280719,0.002892828800393034,0.43104351520522133,0.003952162970001923,0.9975257912617073,0.0024742087382928044,0.003621098947728415,1.4599170786059412,0.0058570026163810365,0.00166310479955113,-1.7194783307259027e-05,-0.006932414213354588,-0.23662267240328821,-0.2326705094332863,0.0,0.0058570026163810365,0.19398877353575966,0.005857002616381038,0.19398877353575966
612,0,DETACHED,92,0.2150836976924825,0.00286468155915761,0.4273027138258074,0.003940008449465139,0.997466469051878,0.0025335309481219243,0.0036879374094122017,1.451963280171342,0.005910015858253627,0.0015559620369800051,-1.7508502054214285e-05,-0.0068932032329625335,-0.2415606746672307,-0.23762066621776556,0.0,0.005910015858253627,0.19719969342110347,0.005910015858253626,0.19719969342110347
612,0,DETACHED,93,0.2131709819372936,0.0028363724743893717,0.42350559140019783,0.00391737581954558,0.9974302770525578,0.0025697229474421325,0.003720829023156193,1.4442286578504602,0.005950547619808792,0.0015336787462173526,-1.775012138204135e-05,-0.00688965653103922,-0.24681181524065854,-0.24289443942111297,0.0,0.005950547619808792,0.2008462361791139,0.005950547619808793,0.2008462361791139
612,0,DETACHED,94,0.211236994533402,0.002807876478806092,0.4196661125879979,0.0038875160118551507,0.9974100558906404,0.0025899441093596583,0.003730297535065035,1.4365701018381551,0.005984505609225516,0.001573227900096486,-1.795365265034909e-05,-0.006914108157281132,-0.25227784814605386,-0.2483903321341987,0.0,0.005984505609225515,0.20482336455861125,0.005984505609225515,0.20482336455861122
612,0,DETACHED,95,0.20929166462660034,0.0027791329879354822,0.4158041962652652,0.0038611127333921195,0.9973803532965502,0.0026196467034498854,0.0037522333801028184,1.4285910574771714,0.006011281909286571,0.001554727925245132,-1.8115210548052505e-05,-0.006897019767079307,-0.2577855077819844,-0.25392439504859227,0.0,0.006011281909286571,0.20889081192073125,0.006011281909286571,0.20889081192073125
612,0,DETACHED,96,0.20732807702105527,0.0027502620621480513,0.41190589197996247,0.003832243285354033,0.9973555753750148,0.002644424624985156,0.003766360468745849,1.4204982728130557,0.006068528716085742,0.0016315019345087129,-1.8462342662550394e-05,-0.006963148132491011,-0.26347791519615066,-0.2596456719107966,0.0,0.006068528716085742,0.21323861226714186,0.006068528716085742,0.21323861226714186
612,0,DETACHED,97,0.2053504829421214,0.0027212945274902307,0.4079796713567526,0.0037957235617711426,0.9973487801962608,0.002651219803739121,0.003753940931553873,1.4121757855511543,0.006087425002907331,0.0017059745887327042,-1.857762495018503e-05,-0.006988621447712241,-0.2693192064107812,-0.26552348284901006,0.0,0.006087425002907331,0.21781975120887032,0.006087425002907332,0.21781975120887032
612,0,DETACHED,98,0.20336882436513823,0.0026921712603647677,0.4040454774699117,0.0037526435869698485,0.997357758587763,0.002642241412236947,0.0037179784542007107,1.4034125119626588,0.006022328396611837,0.0016635203887257846,-1.8182261582840952e-05,-0.006863195608975805,-0.275181504591427,-0.2714288610044571,0.0,0.006022328396611836,0.2224352765841141,0.006022328396611836,0.2224352765841141
612,0,DETACHED,99,0.20137772021939312,0.0026630111286479008,0.40009242931013833,0.0037043868687629687,0.9973797215493507,0.002620278450649348,0.0036635298239549876,1.3944817028123342,0.005961578408754212,0.0016908931761927257,-1.781689378470377e-05,-0.006781801589620544,-0.28118626421003656,-0.2774818773412736,0.0,0.005961578408754213,0.22724523429417623,0.005961578408754211,0.22724523429417623
612,0,DETACHED,100,0.19938501476973186,0.002633792167048638,0.3961362373724151,0.0036768063632948876,0.9973494086022721,0.0026505913977279277,0.003681014407187468,1.3850710996843367,0.005978980031009666,0.0016628938182717524,-1.7921603954882474e-05,-0.006743438887233903,-0.2870908512781092,-0.2834140449148143,0.0,0.005978980031009666,0.2318365319976065,0.005978980031009665,0.2318365319976065
612,0,JOINT,1,0.3370661892000814,0.0052495560168995285,0.6688828223832632,0.018917433641721618,0.9794044718408124,0.020595528159187602,0.03564941023201963,1.6952802341294695,0.05870402233730939,0.024986450655723726,-0.0017593151438762482,-0.08366287603656322,-0.06703449728453162,-0.04811706364281,1.6820454793151693,1.7243276499904885,0.12141615025128279,1.7243276499904885,0.12141615025128279
612,0,JOINT,2,0.33541990014535866,0.005161072087215069,0.6656787282035023,0.014428221727210868,0.985969868399151,0.014030131600848946,0.024005952686516323,1.687022380437868,0.039777219979787566,0.016690548069237775,-0.0008023709851749125,-0.056386756529948456,-0.07281241481290673,-0.05838419308569587,1.6346212985350224,1.6613127586717555,0.11753516582194408,1.6613127586717555,0.11753516582194408
612,0,JOINT,3,0.33374744490604047,0.005113802874874968,0.662381086937206,0.010640264795829059,0.9915917587031002,0.008408241296899842,0.014260046253324278,1.6817005892462809,0.023313817841824333,0.00861445285042049,-0.0002740715105743986,-0.03232150952674075,-0.07885704668610476,-0.06821678189027569,1.628984467374743,1.6410734192939522,0.1156754879526049,1.6410734192939522,0.1156754879526049
612,0,JOINT,4,0.3320409197488297,0.005110488528423142,0.6589713509692363,0.010211598046174396,0.9921984785896051,0.007801521410394863,0.01318163568588221,1.6764420918499805,0.01859190453880629,0.00022924114567139165,-0.00017418839165699734,-0.022153301657259115,-0.08521842631845675,-0.07500682827228235,1.6259690879944455,1.6268196868979232,0.11484347467621348,1.6268196868979234,0.11484347467621348
612,0,JOINT,5,0.33030112799709954,0.005154410571348524,0.6554478454228505,0.013939938165489905,0.9864899026757857,0.013510097324214265,0.02288555069787002,1.6710734304008115,0.028160236324386422,-0.008493127272874868,-0.00040192956242853455,-0.02934837887599794,-0.09189132497484953,-0.07795138680935962,1.6224979567086455,1.6164826518738442,0.11516997300068696,1.6164826518738442,0.11516997300068696
612,0,JOINT,6,0.32852739780356627,0.005249137638124166,0.6518056579690084,0.018918263772770075,0.9788585750745341,0.02114142492546598,0.03597199294588936,1.6655213109685107,0.041870933637078424,-0.01755357045758747,-0.0008955201130598116,-0.04146303027874039,-0.09886117139740169,-0.07994290762463162,1.617372486557093,1.6056467332231863,0.11681706033128414,1.605646733223186,0.11681706033128414
612,0,JOINT,7,0.32671795714940055,0.005398251362020823,0.6480376629367803,0.024290274510016675,0.9706024516895069,0.0293975483104931,0.05027403332747886,1.6598697105143894,0.05679851622853289,-0.026916717621041322,-0.0016618912512261642,-0.0548697362734056,-0.10611047153503736,-0.08182019702502069,1.6098787636197418,1.5926779066213717,0.11990602327488842,1.5926779066213717,0.11990602327488843
612,0,JOINT,8,0.3248704441432346,0.005605292712302028,0.6441355955741672,0.02986471178046015,0.9620074114581117,0.037992588541888236,0.06533114422121451,1.6542448764856794,0.07230711261402455,-0.03654922531213443,-0.002717400340322056,-0.06880708495043464,-0.11362161790444392,-0.08375690612398376,1.5995396348405093,1.5769407058843798,0.1244940004090403,1.5769407058843796,0.12449400040904031
612,0,JOINT,9,0.3229818807092096,0.005873954966927556,0.6400898064514916,0.03557652701030812,0.9531664622165259,0.04683353778347415,0.08101174860510385,1.6487689265095136,0.0881886747561694,-0.04645927170771362,-0.004079687370222807,-0.08303069470435924,-0.1213778287736078,-0.08580130176329967,1.5861024264476364,1.5581784901527937,0.13057099304356382,1.5581784901527937,0.13057099304356382
612,0,JOINT,10,0.32104641816273005,0.0062078254994623,0.6358850108259978,0.04138752100921093,0.9441305857516414,0.055869414248358513,0.09725994295337173,1.6435842069605375,0.10432498502673972,-0.05668798237740093,-0.00576387560422308,-0.09740304822642057,-0.12936149427154292,-0.087973973262332,1.5694427602387717,1.536322692874063,0.1380672849556697,1.5363226928740628,0.1380672849556697
612,0,JOINT,11,0.3190569061890011,0.006609865339198889,0.6315039470388033,0.04725458011677976,0.9349574336389389,0.06504256636106112,0.11400484832622908,1.638768061853405,0.12058612622058107,-0.06727045602930486,-0.0077762972482559815,-0.111780751055905,-0.1375519516242133,-0.09029737150743354,1.5494136973209667,1.5113197070042395,0.14686667331253916,1.5113197070042395,0.14686667331253916
612,0,JOINT,12,0.31700743458277664,0.00708275688163036,0.6269321122839229,0.053137860139757104,0.9256995222198202,0.0743004777801797,0.13117883020162935,1.6343391600019603,0.13687232576567426,-0.07820244511129794,-0.01011885234399862,-0.12606940170647415,-0.14592345472821155,-0.09278559458845445,1.5257545846153031,1.4830200100870226,0.15682058408640015,1.4830200100870226,0.15682058408640015
612,0,JOINT,13,0.3148932028716636,0.007629384984251236,0.622157020759076,0.05901285543089417,0.9163854195395845,0.0836145804604154,0.14875639841996596,1.630316074357552,0.1531408483955331,-0.0894845428538729,-0.012795991155711863,-0.14023941349802205,-0.1544438972847656,-0.09543104185387143,1.4981217622101866,1.4511904469870338,0.1677586982597557,1.4511904469870338,0.1677586982597557
612,0,JOINT,14,0.31270766602193656,0.00825205231058326,0.6171632797332899,0.06485193915467272,0.9070473916474564,0.0929526083525436,0.16670910172997885,1.6267758223046134,0.16934390889009246,-0.10113229386062747,-0.01580808221392362,-0.15425795997789873,-0.16307503789835012,-0.0982230987436774,1.4661864653023222,1.4156375990210406,0.1794964167663813,1.4156375990210408,0.1794964167663813
612,0,JOINT,15,0.3104402552565908,0.00895194463393614,0.6119285658792455,0.07061612469959595,0.8977337132270458,0.10226628677295423,0.18498452541968133,1.623866966669529,0.1854117039162969,-0.11316507348254633,-0.019146824633314255,-0.16807836205819973,-0.1717737912107022,-0.10115766651110623,1.4297334690370391,1.376325951289916,0.1918408857612961,1.3763259512899162,0.1918408857612961
612,0,JOINT,16,0.3080708515860163,0.009729042580235187,0.6064126605917974,0.07625388429433672,0.8885090193429569,0.11149098065704302,0.20351555443553798,1.6218837131659498,0.2012536312168654,-0.12564326763084127,-0.022792691574434223,-0.1816426039096618,-0.18049319044319173,-0.10423930614885502,1.3887435103536008,1.3334698743196487,0.2045918882785977,1.333469874319649,0.20459188827859773
612,0,JOINT,17,0.30556182612815336,0.010581942070593441,0.6005417101857132,0.08169392150213987,0.8794630019285141,0.12053699807148585,0.22222437741117537,1.6213952660727502,0.21674296153893888,-0.13873788642940982,-0.02670806575925091,-0.19486760135178322,-0.18918567072904716,-0.10749174922690728,1.3434644676373082,1.287615841600333,0.21754431607968727,1.287615841600333,0.21754431607968727
612,0,JOINT,18,0.302861565904986,0.011507693476649004,0.5942154383333229,0.08685196427454789,0.8706997264702033,0.12930027352979664,0.24102292163001973,1.6230328537390644,0.23171626806957468,-0.15272830496695475,-0.030832919349681475,-0.20762689599306153,-0.19780786756128999,-0.1109559032867421,1.2944322141233664,1.2396416811475082,0.2305002297254494,1.2396416811475082,0.2305002297254494
612,0,JOINT,19,0.29993051890441064,0.012501736627539846,0.5873593011812814,0.09167652469949479,0.8622705989205902,0.13772940107940973,0.25981476439150714,1.6265999179878015,0.24599947637753755,-0.16783303217550757,-0.035090922996665795,-0.21969071927907205,-0.2063170181809143,-0.11464049348141951,1.2423191679483874,1.1905154921515624,0.24327755232867643,1.1905154921515624,0.24327755232867646
612,0,JOINT,20,0.2967869199253718,0.013557833070005115,0.5800160067807385,0.09620982956753261,0.8540898510545027,0.1459101489454973,0.27849561120675476,1.6301832107906302,0.25947278560264103,-0.1838739997080914,-0.039413960009751815,-0.23071090995028332,-0.21465630393430368,-0.11844647436677107,1.1877243404000002,1.1409898016887268,0.2557064732063585,1.1409898016887265,0.2557064732063585
612,0,JOINT,21,0.2935474765637917,0.014668093368146694,0.5724268597594367,0.10055231481291954,0.846019055871689,0.1539809441283109,0.2969548946900324,1.6315622758670114,0.2723019048614641,-0.19990738677675024,-0.04382190145515322,-0.24077111557841446,-0.22276631024720583,-0.1222139954342863,1.131402459994123,1.0919786827370739,0.26767233836746246,1.0919786827370737,0.26767233836746246
612,0,JOINT,22,0.29035211421918017,0.01582286493880124,0.5648813634995591,0.10472721183069228,0.8380785524221277,0.1619214475778723,0.3150715615531284,1.6307581371444586,0.28496572114550006,-0.2146023757098205,-0.04844740507514678,-0.25075573200060797,-0.23070828998208479,-0.1259810781513925,1.0750945601430146,1.045977206555962,0.27931696632867786,1.045977206555962,0.27931696632867786
612,0,JOINT,23,0.2871864356591075,0.017009063770727854,0.5573638075474872,0.10864687502509762,0.8304117576281911,0.16958824237180892,0.33267739751873776,1.628999855963073,0.29746616036836543,-0.22776779928307536,-0.05327845839817513,-0.2608851749589433,-0.23858563655243525,-0.12993876152733763,1.0201586902106896,1.0052951924485154,0.29078855838873663,1.0052951924485154,0.29078855838873663
612,0,JOINT,24,0.2840019252892054,0.018206072302004536,0.5497977782764063,0.11221306168573449,0.8231594128967529,0.17684058710324715,0.349495824477072,1.6268368161345614,0.30941186976823365,-0.2397376652971124,-0.05815137606005989,-0.2706836329874311,-0.2463332346180743,-0.1341201729323398,0.9669563059003988,0.9704965134291069,0.30189349623347883,0.9704965134291069,0.30189349623347883
612,0,JOINT,25,0.28074263756082646,0.01938444798364753,0.5421008271380053,0.11531360702935926,0.8164795233680943,0.1835204766319058,0.3651823221264756,1.6246900279706533,0.3202536501137839,-0.25106997800758646,-0.06280769907622268,-0.2794304000662426,-0.2537885901929798,-0.1384749831636205,0.917815787379235,0.9429555721375688,0.31224970365115134,0.9429555721375686,0.31224970365115134
612,0,JOINT,26,0.2772659504091443,0.020525646680717213,0.5340062541375714,0.11789171681342986,0.8103802388663841,0.18961976113361584,0.37960725433592196,1.62233205866865,0.32927888533402155,-0.26305165337724135,-0.06689735208652639,-0.2859000129485823,-0.2609452430881698,-0.14305352627473994,0.8758183116072774,0.9239287574650282,0.3217401967743355,0.9239287574650282,0.3217401967743355
612,0,JOINT,27,0.27342662153069675,0.021613415818723947,0.5252398272426695,0.11996607480704766,0.804711077978927,0.19528892202107295,0.39266615738442373,1.6180272978339552,0.33567232001724384,-0.27684925307410696,-0.0700101623484234,-0.2884851461610313,-0.2679526375992236,-0.14798656279217595,0.8422687784607662,0.9126398688560834,0.3305674082099178,0.9126398688560834,0.3305674082099178
612,0,JOINT,28,0.26930797073208956,0.022630356960941858,0.5159855845032373,0.12152966253467123,0.7995373312118179,0.20046266878818209,0.40422765514955405,1.6122458238934654,0.3395812950759639,-0.29197721452641684,-0.07211386602217257,-0.2876232683685269,-0.2748750381745628,-0.1533453756398916,0.8169108447026133,0.9073114519159828,0.33890524427650315,0.9073114519159828,0.33890524427650315
612,0,JOINT,29,0.26508955903724307,0.023558471891186736,0.5066206461832994,0.12257382104893474,0.7950256624774095,0.20497433752259062,0.4141461389026523,1.6063318580417625,0.34163603544693916,-0.30714591934118113,-0.07340340458457764,-0.28470681287856053,-0.28174054316941854,-0.1591667221204838,0.7988611007805554,0.906426463953686,0.3469171757449276,0.9064264639536861,0.3469171757449276
612,0,JOINT,30,0.2608669807566797,0.024381563112695397,0.49735239840066403,0.12314857191166598,0.7911773804428422,0.2088226195571577,0.4223009254877921,1.5999940078070292,0.34218096981014257,-0.32133068727599096,-0.07399593251431977,-0.2803523304815193,-0.2886720701169688,-0.16552349820530285,0.7866887982521197,0.9087347180191832,0.3549109247803691,0.9087347180191833,0.3549109247803691
612,0,JOINT,31,0.25667075068207856,0.025091077488994726,0.48825042387516243,0.12329654706460247,0.7879661279819514,0.21203387201804863,0.428669752679853,1.5930343675154526,0.3414605769362027,-0.3339556160228273,-0.07398498581418404,-0.27494504649634377,-0.295826087781883,-0.17252954071728055,0.7784825321301042,0.9129927419264844,0.363223681646395,0.9129927419264844,0.36322368164639496
612,0,JOINT,32,0.25252495885900955,0.025690383181883016,0.4793595345361361,0.12306309706471572,0.785366244118287,0.21463375588171307,0.4333460004005385,1.5856560834998155,0.3396626796652192,-0.34492558258263006,-0.07345027674755836,-0.268761862465239,-0.3032442876087994,-0.18018119054408369,0.7726654165316286,0.9177719874516046,0.3719596695850529,0.9177719874516045,0.3719596695850529
612,0,JOINT,33,0.24845608305787747,0.026189441093534854,0.47072272502222007,0.12249824744314845,0.7833484919319021,0.21665150806809788,0.43641474152902543,1.5779480728385145,0.3367850828007434,-0.35447633163233294,-0.07239701943982536,-0.26176644928188575,-0.3108425613979128,-0.1883443139547643,0.7684473055485697,0.9217404492195986,0.3809743381167177,0.9217404492195986,0.3809743381167177
612,0,JOINT,34,0.24447444841942528,0.02659411755175381,0.46235477928709673,0.1216339522080076,0.781899003279062,0.21810099672093797,0.4379157823590211,1.5699419942807527,0.33278600086214877,-0.362795271390338,-0.07081894330686103,-0.2538881619865386,-0.31851471451538066,-0.19688076230737306,0.7654839301700859,0.9241387388340793,0.3900720971554129,0.9241387388340793,0.3900720971554129
612,0,JOINT,35,0.24057210004200313,0.026915079629068937,0.45422912045493735,0.12050938454622874,0.78097067735881,0.21902932264119007,0.4380134638776082,1.561780255957585,0.32774347578806173,-0.37010140038869427,-0.06877069077991042,-0.2452086885590347,-0.32620152629021887,-0.20569214174399014,0.7637452220285561,0.9249850914988839,0.3991378779687328,0.9249850914988839,0.3991378779687328
612,0,JOINT,36,0.2367265861368062,0.02715509079882334,0.44629808147478905,0.11913303979447815,0.7805571104807958,0.21944288951920427,0.4367855411289339,1.553643686657502,0.32176073449383263,-0.37639835713514036,-0.06631799830651713,-0.23589274295659143,-0.3338876446505515,-0.21475460485607334,0.7634278451934478,0.9248069509558381,0.4081343912793063,0.924806950955838,0.4081343912793063
612,0,JOINT,37,0.23291935121013924,0.027317585249370363,0.43852111717090814,0.11752829018566101,0.780617874280555,0.21938212571944507,0.43438671585349964,1.5456593541212773,0.31509566888496504,-0.38153596826131003,-0.06359403481605412,-0.22628388758761883,-0.3415757316095613,-0.22404744142390026,0.7647980799891873,0.9244158141735109,0.41705774847713156,0.924415814173511,0.41705774847713156
612,0,JOINT,38,0.2291377209359925,0.02740960443406737,0.4308658374379176,0.11572087843846764,0.7811131250919167,0.21888687490808328,0.4309550413594605,1.5378932120610818,0.30798917956360916,-0.3853623158927314,-0.060719332245955326,-0.21668118467153033,-0.34927175337081673,-0.2335508749323491,0.7680841942333952,0.9247287770808892,0.4259089804516799,0.9247287770808892,0.4259089804516799
612,0,JOINT,39,0.22537052225019924,0.02744138629355792,0.42329965820684057,0.11374923192284589,0.7819728631357368,0.21802713686426314,0.4266599323241291,1.5302521221131777,0.3006994513612119,-0.3877219831759695,-0.05781540786872451,-0.20735987581496926,-0.35696060254340023,-0.24321137062055434,0.7733082105824653,0.9263992158781602,0.43464639835880153,0.9263992158781602,0.43464639835880153
612,0,JOINT,40,0.22161349607193462,0.02742497512599123,0.415802017017878,0.11167612351791466,0.7830686696064373,0.2169313303935627,0.42167973950915444,1.5221599942173278,0.2932864791567007,-0.3886825346793278,-0.054922998579016766,-0.19825849659447425,-0.36456103053931144,-0.25288490702139677,0.7806469070117195,0.9293032794150174,0.44311329993104237,0.9293032794150176,0.44311329993104237
612,0,JOINT,41,0.21786181992538395,0.02737336291687507,0.4083502769338928,0.10957592356199493,0.7842321736023933,0.2157678263976068,0.4161639811037051,1.5125942960308003,0.2854532533018273,-0.3887137804861462,-0.051951171198638846,-0.18882231234614913,-0.37200356428826675,-0.26242764072627184,0.7906954590190446,0.9327449044247993,0.4511978552057422,0.9327449044247992,0.45119785520574224
612,0,JOINT,42,0.21413428381425179,0.027301019360384815,0.40096754826811876,0.10749092977061099,0.785397127635088,0.2146028723649121,0.4102540116755589,1.5014352735356864,0.2770718102439236,-0.3882348084725367,-0.048872592813653117,-0.17886244295301565,-0.3793129459298348,-0.2718220161592238,0.8031417992978812,0.9361331377530214,0.45897567247759985,0.9361331377530214,0.45897567247759985
612,0,JOINT,43,0.21049704167935035,0.02721516322841909,0.3937789201302816,0.10541195773325396,0.7866761428741851,0.2133238571258149,0.40407168212584904,1.4900984663518912,0.2686045001242721,-0.3871448552865272,-0.04585646720098192,-0.16910527134444742,-0.38649857661814,-0.28108661888488606,0.8173051134290257,0.939522220645683,0.4664998735402406,0.9395222206456831,0.4664998735402406
612,0,JOINT,44,0.20694909099181646,0.02712001543799513,0.3867781665456378,0.10334211495785091,0.7880707019009193,0.21192929809908062,0.3977185003273971,1.47893802566863,0.2603134761147184,-0.38533601345671636,-0.04299303709900359,-0.15987196309036905,-0.39358261805345807,-0.29024050309560717,0.8329525770565908,0.9433541558048357,0.47381777233288336,0.9433541558048357,0.47381777233288336
612,0,JOINT,45,0.20345804024149702,0.027021111845930097,0.37989496863706396,0.10130071535836122,0.7895009729882109,0.21049902701178919,0.39129238755655776,1.467587404484681,0.25225136431579626,-0.3828150723663769,-0.04029808257128689,-0.1511426245110788,-0.4005912899465166,-0.2992905745881554,0.8499394545640404,0.9480922977243411,0.48096637542695886,0.9480922977243409,0.48096637542695886
612,0,JOINT,46,0.2000093152303854,0.026922953886598055,0.37309567657417275,0.0993010265980594,0.7909191915829155,0.20908080841708454,0.3848650720921261,1.4558828904103844,0.24451486499889302,-0.3795451872300154,-0.037796224849323996,-0.1429770614961461,-0.4075280588207112,-0.3082270322226518,0.8678234333353756,0.9539524191655924,0.48793942070293034,0.9539524191655923,0.48793942070293034
612,0,JOINT,47,0.19659673388665574,0.026826750879553045,0.36636671689375844,0.09734993032973517,0.7922978544233239,0.20770214557667607,0.3784703564711187,1.4437080106339106,0.23720540159543324,-0.375442582239938,-0.03550836483521996,-0.1354497383496678,-0.4143781064459974,-0.3170281761162622,0.8858073139299175,0.9607476119324662,0.4946947503848115,0.9607476119324662,0.4946947503848115
612,0,JOINT,48,0.1932159363033981,0.02673290188332144,0.35969897072347473,0.09545144121854272,0.7936169905402255,0.2063830094597745,0.37209910367950444,1.4308550476990718,0.23032803157290324,-0.3704707212583666,-0.0334235549141506,-0.1285256045716019,-0.42110932469534434,-0.32565788347680164,0.902886382837473,0.9677650367283461,0.5011582105982864,0.9677650367283464,0.5011582105982864
612,0,JOINT,49,0.1898713408284967,0.02666000252125794,0.35308267913573543,0.09366756547035807,0.794721483065836,0.2052785169341639,0.36601792495770574,1.4170129076115567,0.2240242903090977,-0.3648360330975786,-0.0315751390379473,-0.12224095194674126,-0.4276769049696451,-0.334009339499287,0.9181306746250963,0.9740543806704524,0.5072362684324402,0.9740543806704522,0.5072362684324401
612,0,JOINT,50,0.18656854553052485,0.02663201036728074,0.34650508069376895,0.09207547270410446,0.7954080277216621,0.20459197227833795,0.3605750661277843,1.4018355608015975,0.21843368931501972,-0.35886805815945455,-0.029992956422905823,-0.11660593545395526,-0.43404509363649646,-0.341969620932392,0.9308088924173987,0.9787140243566732,0.5128604892807915,0.9787140243566732,0.5128604892807915
612,0,JOINT,51,0.18329585934892328,0.02663860385678742,0.33995311484105917,0.09067259676805489,0.7956239156938315,0.2043760843061685,0.3557730806746571,1.385003399520972,0.21358122712484515,-0.3524790388437086,-0.02866740157023432,-0.11160048577850629,-0.4402091225193058,-0.3495365257512509,0.9402215123293083,0.9809902686908542,0.5180317933792875,0.9809902686908542,0.5180317933792875
612,0,JOINT,52,0.1800341934539126,0.02664689782700799,0.33342148908081726,0.08939578623133342,0.7954560442966729,0.20454395570332706,0.3513104699398134,1.3662199686000485,0.20936526296298333,-0.3452646418104325,-0.02755263075178226,-0.10715010664782543,-0.4461942938826393,-0.3567985076513059,0.9453410486166126,0.9798531627104409,0.5228193031248217,0.9798531627104409,0.5228193031248217
612,0,JOINT,53,0.1767651385437885,0.026613583192984135,0.3269166938945929,0.0883416244372062,0.7944475463474066,0.20555245365259342,0.34804996582119646,1.345191635709086,0.20722764224559112,-0.33670851775772365,-0.027027143521372192,-0.10445824155241097,-0.4520427547966829,-0.3637011303594767,0.9444194967113105,0.9749459726274612,0.5273319759022767,0.9749459726274612,0.5273319759022767
612,0,JOINT,54,0.17346788498885676,0.02648348854117273,0.3204522814365408,0.08693784644142814,0.794351103377926,0.20564889662207395,0.3421617107669347,1.3216532495230477,0.2030405401040331,-0.32603736039195125,-0.025949143112176037,-0.10023263339335707,-0.4578181179454057,-0.37088027150397757,0.9345366112295501,0.960856805888558,0.5317205548384393,0.9608568058885582,0.5317205548384393
612,0,JOINT,55,0.17028124084827673,0.02652584131724082,0.3140366403793126,0.08617991744317649,0.7925153548300051,0.2074846451699949,0.33914506123207133,1.2954099245318407,0.20131367488477883,-0.31610004470030356,-0.025568713242349442,-0.09766312023333093,-0.46362090413804746,-0.377440986694871,0.9105438056630749,0.9360832326130306,0.5361933231339178,0.9360832326130306,0.5361933231339178
612,0,JOINT,56,0.16713330903901394,0.026561575687280882,0.307705042390747,0.08560431107656533,0.7899907257970917,0.21000927420290832,0.33670692259161383,1.2665885693317183,0.2008147300269911,-0.304934334257505,-0.025523436211940514,-0.09601136889995229,-0.46947926304240406,-0.38387495196583876,0.8730165673930973,0.9004735431590666,0.5408374337244531,0.9004735431590665,0.5408374337244531
612,0,JOINT,57,0.16405179447460674,0.0266156620771925,0.301487926872021,0.08509639265856139,0.787243974487494,0.21275602551250616,0.3340103060331606,1.235911416411908,0.19964254592444527,-0.293824129997479,-0.025314354529764268,-0.09366866589837518,-0.47538800629362177,-0.3902916136350604,0.8303294476060604,0.8593581478722143,0.5456889071052837,0.8593581478722144,0.5456889071052837
612,0,JOINT,58,0.1610508704532178,0.026709563250569175,0.29539217765586645,0.08475647613960834,0.7839573170094376,0.2160426829905624,0.3317564254182485,1.203849505900152,0.198513209471268,-0.28304808051009805,-0.025133698914190452,-0.09120302939467059,-0.481334868066156,-0.39657839192654765,0.7865707105496911,0.8173303064053977,0.5507186817852849,0.8173303064053977,0.5507186817852849
612,0,JOINT,59,0.15817429091790242,0.02690769279111062,0.2894408890446942,0.0847021537463185,0.7798584644534492,0.2201415355465508,0.33044655275270013,1.170617532824301,0.19827845679085887,-0.27232710934991833,-0.025206077909866176,-0.08929334105387655,-0.48735652306118826,-0.40265436931486975,0.7304493075074351,0.7665373553078937,0.5559081803708734,0.7665373553078936,0.5559081803708734
612,0,JOINT,60,0.15540614207515863,0.02714300028070693,0.2836692838696103,0.08485308166919792,0.7750324817359677,0.2249675182640324,0.3301558733457747,1.1374154271398729,0.19901237600154792,-0.26194736825504916,-0.025551139297458593,-0.08802587615181433,-0.49337878578978167,-0.40852570412058375,0.6801903450066772,0.7223803584664596,0.5611526674530163,0.7223803584664596,0.5611526674530163
612,0,JOINT,61,0.15270873742718014,0.02729328989570428,0.278124184958656,0.08487497022789442,0.7704362522099254,0.22956374779007468,0.3295674539194618,1.1060575395391563,0.1997935587663862,-0.25167280443102735,-0.025905755349672245,-0.08694200741364455,-0.4994149273163872,-0.4145399570884928,0.6522646218154261,0.6975561245843134,0.5665013588349971,0.6975561245843134,0.5665013588349971
612,0,JOINT,62,0.15009105951625953,0.027348211800475135,0.2728339072320439,0.08465064316918913,0.7665752732843549,0.23342472671564501,0.3279182976980772,1.0768955894679684,0.20070768812856826,-0.2405705879680079,-0.026275029653201293,-0.0862881508756944,-0.5055042320257621,-0.420853588856573,0.625662349563448,0.6766488958104735,0.571926231486008,0.6766488958104734,0.571926231486008
612,0,JOINT,63,0.14757276041625594,0.02733694044922576,0.26780858038328614,0.08420907106019679,0.7634975557759498,0.23650244422405028,0.3256155836526429,1.0511802660518592,0.20129322279218456,-0.2300826989245907,-0.026535095780944744,-0.08566288114908117,-0.511652454612463,-0.4274433835522662,0.610310060066385,0.6671940477599506,0.5774881127326293,0.6671940477599506,0.5774881127326293
612,0,JOINT,64,0.14519335940717124,0.027276255167982898,0.2631104636463596,0.08351506866015504,0.7615324178157615,0.23846758218423855,0.32296001548929737,1.0313541119537382,0.20107400771580308,-0.2217684645575099,-0.02654565691035118,-0.08477201850366878,-0.5177022024203666,-0.43418713376021156,0.6312820282051,0.6884087619729757,0.5829137555631164,0.6884087619729756,0.5829137555631164
612,0,JOINT,65,0.14291714812509393,0.027226119732768776,0.2586081765174191,0.08304793502426204,0.7587461358620077,0.24125386413799238,0.3201614552906692,1.0069114039757145,0.20303996436768051,-0.20976802357902122,-0.027166680119954215,-0.0854395167466602,-0.5230430289334763,-0.43999509390921426,0.6202282279464525,0.6960526849715769,0.586637536059711,0.6960526849715768,0.586637536059711
612,0,JOINT,66,0.14081428499251106,0.027120123018127815,0.2545084469668943,0.08207172240239127,0.7583358792131967,0.24166412078680333,0.3174480419593461,0.996143900964608,0.20110255979699287,-0.20588432692983166,-0.026665123374396783,-0.08367448056673113,-0.5287812467904368,-0.44670952438804556,0.6574637792214139,0.7202807066375652,0.59140000420663,0.7202807066375652,0.5914000042066301
612,0,JOINT,67,0.1386058842665266,0.027070202088284583,0.2501415664447686,0.08179601020704108,0.7546712986822425,0.24532870131775744,0.3151495457311651,0.9694516608882492,0.20123976982739816,-0.19615395725082463,-0.026831181357299637,-0.08253711192913105,-0.5341450716891551,-0.45234906148211407,0.6293157945228842,0.6996892608529167,0.5950429776495992,0.6996892608529167,0.5950429776495992
612,0,JOINT,68,0.1364801589451608,0.026994559564409375,0.24596575832591225,0.0813979327574973,0.7515500965387576,0.24844990346124243,0.3129236952500077,0.9465804981127521,0.20057416514846893,-0.18848080025470815,-0.026764680032830397,-0.08096198703349682,-0.5394222869418226,-0.4580243541843253,0.6276280821629385,0.6968651340137794,0.5986051449934433,0.6968651340137794,0.5986051449934433
612,0,JOINT,69,0.134399638526231,0.026904607611522635,0.24189466944093935,0.080910557703222,0.7487979228800341,0.2512020771199659,0.3107767080188594,0.9263814858221996,0.19904588109876206,-0.18258319951622584,-0.026455243512160484,-0.07885934550505656,-0.5445818952414372,-0.4636713375382152,0.6938521076165967,0.7527806963653724,0.6019644285480765,0.7527806963653724,0.6019644285480765
612,0,JOINT,70,0.1323240276143912,0.026917006577957404,0.23773104865082495,0.08115478468722638,0.7427221755440667,0.2572778244559334,0.30889118631902807,0.891722146649881,0.19998119214488155,-0.17079985092537775,-0.02692290504345877,-0.07772235577679559,-0.5496870456748473,-0.4685322609876209,0.5825014311019687,0.662072762983731,0.6052327368144244,0.662072762983731,0.6052327368144244
612,0,JOINT,71,0.13027734062643845,0.026898036683425722,0.23365664456945118,0.08114541494372232,0.7376294084442657,0.2623705915557343,0.30707918573131154,0.8633232740507712,0.1977015391105651,-0.16412829158463724,-0.02649426535821175,-0.07448605107555178,-0.5555094186788121,-0.4743640037350898,0.5391863235949915,0.6132170380256675,0.6099840954495641,0.6132170380256674,0.6099840954495641
612,0,JOINT,72,0.1284960498065258,0.02682509885398784,0.23016700075906377,0.08108338615407006,0.7331672085696775,0.26683279143032246,0.30491588572527023,0.8378068062302736,0.1940719767388473,-0.15919892568159372,-0.025685772437096268,-0.07057590626967376,-0.5596330781866752,-0.4785496920326051,0.6333352823418431,0.6854944010536322,0.6113389261925753,0.6854944010536322,0.6113389261925753
612,0,JOINT,73,0.1265920522862436,0.0267125684108087,0.22647153616167848,0.08098713692930731,0.7282997147532952,0.27170028524670475,0.3017465526163626,0.8088395196153089,0.19305984015347102,-0.14988562776408704,-0.02558843641227386,-0.06859047248743334,-0.5654575166417575,-0.48447037971245016,0.5012448138778849,0.5651170135689618,0.6159185356951904,0.5651170135689618,0.6159185356951904
612,0,JOINT,74,0.12487673372808497,0.026552810737003718,0.22320065671916622,0.08080002199627356,0.7241403230819498,0.2758596769180502,0.2980162416418914,0.7823020019353433,0.1924021454183355,-0.14048156680599583,-0.025560367501720353,-0.06709676813798247,-0.5700593949301729,-0.4892593729338993,0.4643623290847726,0.5411217355910948,0.6180074894559524,0.5411217355910948,0.6180074894559524
612,0,JOINT,75,0.12321700244258446,0.026324863569522947,0.22010914131564596,0.08043059885817729,0.7207939884600012,0.27920601153999874,0.2938743322657358,0.7586615019193231,0.19003900217187333,-0.1332248821289798,-0.025052111230590122,-0.06467414893269142,-0.574896458805,-0.4944658599468227,0.4537444146906858,0.5289620123593313,0.6205801224794165,0.5289620123593313,0.6205801224794165
612,0,JOINT,76,0.1215592178054769,0.02603091323123951,0.2170875223797143,0.07988970016378444,0.7181003725932875,0.2818996274067124,0.28935280135330216,0.7370863039947748,0.18639882234018826,-0.12746032485273373,-0.02419196695605074,-0.06162569509125528,-0.580277982964631,-0.5003882828008466,0.4448602163872765,0.5087870409860342,0.6241502337506533,0.5087870409860342,0.6241502337506533
612,0,JOINT,77,0.12000555735198956,0.025697579264528994,0.21431353543945014,0.07930011877011103,0.715811214530167,0.2841887854698328,0.2846663405076504,0.7170140742808081,0.18242740677903072,-0.12231138568016511,-0.023246184237254226,-0.058552202700578884,-0.5850456463251604,-0.5057455275550494,0.5005861632289555,0.5474227749133714,0.626352817161235,0.5474227749133714,0.626352817161235
612,0,JOINT,78,0.11853688104328076,0.025362112073480027,0.2117116500130815,0.07877813853577384,0.71335573432113,0.2866442656788701,0.27990617611988067,0.6965870234107943,0.1793844309411938,-0.11629434798301728,-0.022554507180571764,-0.05613015489405615,-0.5896673693517467,-0.5108892308159728,0.5139090283716783,0.5559390900859231,0.6282995324176477,0.5559390900859231,0.6282995324176477
612,0,JOINT,79,0.11708145273567229,0.02503986609304129,0.2091230393783033,0.07833461894037495,0.7104854729728818,0.28951452702711816,0.2750922660999483,0.6750924065820585,0.17714404110197804,-0.10943500911096463,-0.02208349958700494,-0.054194191255556544,-0.5947473590271947,-0.5164127400868197,0.436635589960872,0.48401762375389024,0.6311709252826038,0.4840176237538902,0.6311709252826038
612,0,JOINT,80,0.11570771256077855,0.024720854190923222,0.20669457093063387,0.07793071264310732,0.707595913269751,0.29240408673024887,0.2704489599149384,0.6544661564884628,0.175198730070388,-0.10282373436823873,-0.021689352950357708,-0.052486604003235626,-0.5993044677981684,-0.521373755155061,0.4132202231688968,0.4654992183637809,0.6328680981157062,0.46549921836378083,0.6328680981157062
612,0,JOINT,81,0.11436724161218398,0.02439412349852488,0.20434035972584308,0.07756088641428098,0.704540844918852,0.295459155081148,0.26614993570754264,0.6346511771719836,0.1728988100312351,-0.09710808112758172,-0.021215234521754573,-0.050589054351703404,-0.603895926196885,-0.5263350397826041,0.40845298010964426,0.45907644083484717,0.6344973388196178,0.45907644083484717,0.6344973388196178
612,0,JOINT,82,0.11304799071134725,0.024064149301726692,0.2020318321209678,0.07724310297991462,0.7011875817240317,0.2988124182759682,0.26229286999950235,0.6154914989127085,0.17020668828131538,-0.0923052379829955,-0.02065803608819101,-0.04847575763892337,-0.6088137031024381,-0.5315706001225234,0.3877529578076296,0.4318157885466425,0.6366420112077825,0.43181578854664254,0.6366420112077825
612,0,JOINT,83,0.11182219762486437,0.023750551016538637,0.1998938442331901,0.07695546677693613,0.6979452649669897,0.3020547350330102,0.25888417173021483,0.5981928467840704,0.16772652015832776,-0.08814105781070843,-0.020153575771985843,-0.04656802609193908,-0.6133777768298756,-0.5364223100529395,0.4239727768083536,0.45897293473577316,0.6378709450367898,0.4589729347357732,0.6378709450367898
612,0,JOINT,84,0.11060973195085741,0.023499509123402856,0.19771995477831197,0.07699781191130065,0.6929275287593645,0.3070724712406355,0.2555885165322802,0.5767508836739655,0.16597633175307425,-0.08267672608252645,-0.019878083608201754,-0.044856093076182386,-0.6182859766419944,-0.5412881647306937,0.37095765775747586,0.4065353624740436,0.6398011791232993,0.4065353624740436,0.6398011791232993
612,0,JOINT,85,0.10949253207720745,0.023269537770477168,0.19571552638393774,0.07709205339900282,0.6878876913213134,0.3121123086786865,0.2526395879006548,0.5568113080611008,0.1645910938254415,-0.07758349385058319,-0.019690880145434516,-0.04339820541096338,-0.6229264716470203,-0.5458344182480175,0.34196230748921097,0.3802750660132216,0.641120679846726,0.3802750660132216,0.641120679846726
612,0,JOINT,86,0.10843360760372418,0.023042993329607204,0.19382422187784115,0.07720898290229272,0.6828340559841602,0.3171659440158398,0.2501177360563676,0.5384843846173335,0.16318209202446016,-0.07320740889335298,-0.019498438108143425,-0.041978648180697346,-0.6276089096233846,-0.5503999267210918,0.32059769323129095,0.36045492250101563,0.64241049049266,0.36045492250101563,0.64241049049266
612,0,JOINT,87,0.10744840972751656,0.022812566299514763,0.19208425315551836,0.07723240411002544,0.6785059638662155,0.3214940361337845,0.24798456292079724,0.5233658667885815,0.16185916503160774,-0.06973596523779219,-0.019305938856784242,-0.040744751628654145,-0.6324260798906255,-0.5551936757806001,0.3064173231483528,0.3459612328715873,0.6438341863725134,0.3459612328715873,0.6438341863725134
612,0,JOINT,88,0.10656127010938887,0.022578016566941944,0.1905445236518358,0.07703794426494265,0.675769124195245,0.32423087580475496,0.24600286191103707,0.5127245766786636,0.16112515404363106,-0.06688776674115851,-0.019208716657852974,-0.04003522983606472,-0.6371488021367644,-0.5601108578718217,0.308814712439102,0.3490779333984259,0.6449099340367399,0.3490779333984259,0.6449099340367399
612,0,JOINT,89,0.10556816171715293,0.022353774061094372,0.18878254937321148,0.07705262877795692,0.67133775626071,0.32866224373928987,0.24371146631063323,0.49781413011277714,0.15972416398596762,-0.06351069622916489,-0.019000725285521495,-0.0388115900852509,-0.6419665349133217,-0.5649139061353647,0.28836210544641727,0.3324417745423878,0.6460301730913633,0.3324417745423879,0.6460301730913633
612,0,JOINT,90,0.10463114297334083,0.022131954994529683,0.18713033095215198,0.07698055691985949,0.667580958860971,0.3324190411390289,0.24137560095697305,0.48474285522382554,0.1585018901025468,-0.06040084519840979,-0.01881633143712226,-0.03778792135371782,-0.646638925436058,-0.5696583685161986,0.28620600437561,0.3337762606374809,0.6466733382937667,0.3337762606374809,0.6466733382937667
612,0,JOINT,91,0.10374977919805724,0.02191554899667303,0.18558400939944145,0.07687522350570589,0.6642011883426795,0.3357988116573205,0.23922602109984079,0.47318275699901885,0.15718010081539618,-0.05781337206650343,-0.018597967397486665,-0.036786288745938034,-0.6514154230733488,-0.5745401995676429,0.2823107366962555,0.32967515864080965,0.647360485401555,0.3296751586408096,0.647360485401555
612,0,JOINT,92,0.10290010284755559,0.0217122042164015,0.18408800147870968,0.07682369918883128,0.6605929214721543,0.33940707852784563,0.23720343906386587,0.4616724950878882,0.15582192594803912,-0.05536356173892285,-0.018377787451950216,-0.03576895436516973,-0.6562062364210666,-0.5793825372322353,0.288629677706666,0.33368371659501556,0.6479390566994843,0.33368371659501556,0.6479390566994843
612,0,JOINT,93,0.10203785091609419,0.02151267255443224,0.18256302927775614,0.0767643898404681,0.6569289357057717,0.3430710642942283,0.23478307974020812,0.4495739068310957,0.15435869730883614,-0.0526920331746143,-0.018134843922868755,-0.034725469319158986,-0.6611239209635636,-0.5843595311230956,0.27835039173134396,0.32319414426813564,0.6487371677893187,0.32319414426813564,0.6487371677893187
612,0,JOINT,94,0.10119326551721419,0.021315757997162205,0.18107077303726618,0.07666981535104159,0.6535066060994478,0.34649339390055217,0.23221109775557586,0.437963577557926,0.15293907326294304,-0.050050996648828276,-0.017896039544371807,-0.03375296692848519,-0.666018209282929,-0.5893483939318874,0.2640226846780142,0.30999099802787733,0.6494063482160735,0.30999099802787733,0.6494063482160735
612,0,JOINT,95,0.1003764915623751,0.02112245390384688,0.17963052922090333,0.07653282798603527,0.6504255447468303,0.34957445525316966,0.22978047126772536,0.4275343519830559,0.15158065890621328,-0.04771241794025003,-0.017662818088875303,-0.03286380885268281,-0.6709251107322108,-0.5943922827461756,0.254695050157011,0.30120735211687627,0.6499396054624834,0.30120735211687627,0.6499396054624834
612,0,JOINT,96,0.09957829930072634,0.020930108107988718,0.17822649049346395,0.07630978068132674,0.6479278688201302,0.3520721311798699,0.2275290558311818,0.41872787756676344,0.15026985503209925,-0.04577843090139723,-0.017425573445766375,-0.03206875428579679,-0.6759306650390557,-0.599620884357729,0.2487275302666885,0.2950618170820054,0.6504798465223698,0.2950618170820054,0.6504798465223698
612,0,JOINT,97,0.09879614334866939,0.020739445287131876,0.1768528414102069,0.07596013658592161,0.6462783292776781,0.35372167072232186,0.22536801513851115,0.41176573659995463,0.1490729767674861,-0.04419319518659294,-0.017192865206510182,-0.03141276636647565,-0.6809916981598745,-0.6050315615739529,0.24911751079393046,0.29534578728952743,0.6509378501612223,0.29534578728952743,0.6509378501612223
612,0,JOINT,98,0.09802141888180828,0.020556601487282757,0.1754862362763338,0.07550949262581721,0.6453041975258177,0.3546958024741823,0.22317098559022078,0.4060188272958931,0.14801030388699501,-0.04275595571952086,-0.016974203903147665,-0.030881462233141577,-0.686094177186114,-0.6105846845602968,0.25220228534519906,0.29966883669094857,0.6513307994494444,0.29966883669094857,0.6513307994494444
612,0,JOINT,99,0.09725455621387248,0.02038942996538417,0.1741196824623608,0.07505081287205725,0.6444331416957237,0.3555668583042762,0.22095634676968337,0.40046362421253917,0.14707951415372697,-0.041281366976032484,-0.016784040177367496,-0.03041957226675,-0.6912393369788287,-0.6161885241067714,0.25509632568955826,0.30524819442214085,0.6516890833567335,0.3052481944221409,0.6516890833567335
612,0,JOINT,100,0.09650132889539981,0.020239021312637447,0.17276363647816217,0.07466600882433712,0.6431593192178606,0.35684068078213943,0.2188505533679459,0.39444990578446754,0.14628346364748973,-0.03970608696058598,-0.01663573168987847,-0.029983761506400402,-0.6964639186013734,-0.6217979097770362,0.25349480354580134,0.3074219430083543,0.652081607513203,0.3074219430083543,0.652081607513203
612,1,DETACHED,1,0.3370661892000814,0.0052495560168995285,0.6688828223832632,0.01871103349713502,0.9797154872088585,0.02028451279114146,0.032407243325829456,1.5652275463045218,0.04568405161470311,0.0017844024388781912,-0.0010651217619722787,-0.05144399063028754,-0.06703449728453162,-0.0483234637873966,0.0,0.04568405161470311,0.2091594144899142,0.045684051614703104,0.2091594144899142
612,1,DETACHED,2,0.33534728455490553,0.005174545758089505,0.6655200233517216,0.01384584824010187,0.9868685365823788,0.013131463417621177,0.020718310369252254,1.5570426527729249,0.02712349906748024,-0.003874286100846886,-0.0003727366788951176,-0.028012270158571318,-0.0736705261575841,-0.05982467791748223,0.0,0.02712349906748024,0.1990605828298527,0.027123499067480242,0.1990605828298527
612,1,DETACHED,3,0.33368898152715293,0.005135116313504251,0.6622428467408016,0.010727699724374637,0.991489092043958,0.008510907956042,0.013359399751926687,1.5563203360561289,0.014538467943631814,-0.008267494050372533,-0.00010659070878544717,-0.012417420752268727,-0.07993728174651193,-0.0692095820221373,0.0,0.014538467943631814,0.19231755542099646,0.014538467943631813,0.1923175554209965
612,1,DETACHED,4,0.33215916630589265,0.00512278543482164,0.6591955471769637,0.011250419134190535,0.9906315718100723,0.009368428189927617,0.014712328205524268,1.5557035310249598,0.014376386827094498,-0.011753011055385558,-0.00010431754048814112,-0.011030692343058516,-0.08526889758825962,-0.07401847845406909,0.0,0.014376386827094497,0.18753469502803774,0.014376386827094498,0.18753469502803774
612,1,DETACHED,5,0.33064831885636453,0.0051217830318975414,0.6561748546808315,0.013128951276512708,0.9877012050272104,0.012298794972789646,0.019349955436217273,1.5539712909971042,0.019520790416287716,-0.014384559336827533,-0.0001929031049760298,-0.015491812788151432,-0.08916148190752266,-0.07603253063100995,0.0,0.019520790416287716,0.18474729995483258,0.019520790416287712,0.18474729995483258
612,1,DETACHED,6,0.3290531362841518,0.005118861291011827,0.6529874112772918,0.014291144409176662,0.9858423701561697,0.014157629843830323,0.022267791843227518,1.5505796472308686,0.022416466611984827,-0.01652658459758704,-0.0002548571610320565,-0.017746543062263045,-0.09166210834229827,-0.07737096393312161,0.0,0.022416466611984827,0.18350663888231508,0.022416466611984827,0.18350663888231508
612,1,DETACHED,7,0.3273789366908647,0.005110277750072688,0.6496475956316567,0.014638976438377745,0.9852162187914529,0.014783781208547018,0.023200438702559265,1.546116529350667,0.022579047348455537,-0.0183695298287464,-0.00025873172276293604,-0.01724232021470449,-0.09310387123013393,-0.07846489479175618,0.0,0.022579047348455537,0.18331631813287566,0.022579047348455537,0.1833163181328757
612,1,DETACHED,8,0.3256576340548444,0.00509766966543875,0.64621759844425,0.014493183531380942,0.9853451539342436,0.014654846065756412,0.022921458522327513,1.5411658351605093,0.02110653099039489,-0.019900452475077945,-0.00022605563576873753,-0.01519926065581317,-0.09378582058772755,-0.07929263705634661,0.0,0.02110653099039489,0.18387906380842467,0.02110653099039489,0.18387906380842464
612,1,DETACHED,9,0.323931219826871,0.005083357886811607,0.6427790817669304,0.014185617896034921,0.9857263273558747,0.014273672644125272,0.022244924132641397,1.5362134129230929,0.019249001005845763,-0.02100572432082079,-0.000187944680709173,-0.012979281820490352,-0.09394559925864332,-0.0797599813626084,0.0,0.019249001005845763,0.18500980413099127,0.019249001005845763,0.18500980413099125
612,1,DETACHED,10,0.3222388411506241,0.00506844385162577,0.6394092384496225,0.013954630047117694,0.98599146346701,0.014008536532989972,0.02176134526845085,1.5316732492163538,0.018028041696156835,-0.02156601959825572,-0.00016481394588120787,-0.011600436870510105,-0.0937929691569964,-0.07983833910987871,0.0,0.01802804169615683,0.18654217161265552,0.018028041696156835,0.18654217161265554
612,1,DETACHED,11,0.32060505962123564,0.005052485896945172,0.6361576333455261,0.013885153872769609,0.9860044431398903,0.013995556860109554,0.02168690615177828,1.5278695972833067,0.01789565901156052,-0.021531068595466215,-0.00016240018677715574,-0.011441295786194978,-0.09353203851239453,-0.07964688463962492,0.0,0.01789565901156052,0.18828065156017587,0.01789565901156052,0.18828065156017587
612,1,DETACHED,12,0.31903130511995614,0.0050341595362537635,0.6330284507036585,0.013911341255845448,0.9858642318179525,0.014135768182047518,0.021867213104542958,1.5250747587024371,0.018578250207355856,-0.02096564369310312,-0.000175050158849283,-0.01220844089695322,-0.09336977828606176,-0.07945843703021631,0.0,0.018578250207355856,0.18998765910538346,0.018578250207355856,0.1899876591053834
612,1,DETACHED,13,0.3175022883042356,0.005011996240450272,0.629992580368021,0.013889771200188429,0.9857951187841604,0.014204881215839548,0.02195294539002102,1.5234978793266105,0.01938952433087043,-0.02002132444440048,-0.00019068549164713976,-0.0132332558106223,-0.09349093644959985,-0.07960116524941142,0.0,0.019389524330870433,0.19142032285520186,0.01938952433087043,0.19142032285520186
612,1,DETACHED,14,0.31599697331955934,0.004985042920080005,0.6270089037190387,0.01369194536726559,0.9860023015258579,0.013997698474142135,0.021624752121036216,1.5232543693276428,0.019703230706021427,-0.01887595058477938,-0.00019686429719988072,-0.01386718327201637,-0.09402646329630132,-0.08033451792903573,0.0,0.019703230706021427,0.19238739110000969,0.019703230706021427,0.19238739110000966
612,1,DETACHED,15,0.3144974712296351,0.004953330922794241,0.624041611536476,0.01326435204318387,0.9865753861272398,0.0134246138727601,0.020742541286882802,1.52437015122575,0.019214941171742557,-0.017680810669006227,-0.00018711898220107696,-0.013751381147084598,-0.09503293697138958,-0.08176858492820571,0.0,0.019214941171742557,0.19279594894831276,0.01921494117174256,0.19279594894831273
612,1,DETACHED,16,0.312994238743624,0.004917900965519164,0.6210705765217288,0.012647310474232221,0.9874553664775769,0.01254463352242301,0.019396073039510815,1.5267689069769352,0.018005443204363775,-0.01652746382864095,-0.0001641572854791566,-0.01292170012005862,-0.09648513598909003,-0.08383782551485781,0.0,0.018005443204363775,0.19267236760912065,0.018005443204363775,0.19267236760912065
612,1,DETACHED,17,0.31148671750206625,0.004880280797979728,0.6180931542061527,0.011956736959509667,0.9884600332634902,0.011539966736509845,0.017865296245538363,1.5302584248581461,0.016475583768522907,-0.015440136760462787,-0.00013730694786789498,-0.011761076383991008,-0.09828020290393016,-0.0863234659444205,0.0,0.016475583768522907,0.19215359373791224,0.016475583768522907,0.19215359373791224
612,1,DETACHED,18,0.30997857678150276,0.004841788682722441,0.6151153648802831,0.011330431223244728,0.9893676495368664,0.010632350463133529,0.016491710460341,1.5345962185469035,0.015147105841799081,-0.014402698033657832,-0.00011595023118557828,-0.010789468244966308,-0.10026866122048325,-0.08893822999723852,0.0,0.015147105841799083,0.19143442570934785,0.015147105841799083,0.19143442570934785
612,1,DETACHED,19,0.30847268141314826,0.004803026220394981,0.6121423366059016,0.010850493829090087,0.990042687003322,0.009957312996678078,0.015483660158112863,1.5395202011525104,0.01435620193445613,-0.013384116559249029,-0.00010408669075002741,-0.010349204351195972,-0.10229253103893107,-0.09144203720984098,0.0,0.01435620193445613,0.19070794087974588,0.01435620193445613,0.1907079408797459
612,1,DETACHED,20,0.30696634938190626,0.004763814559181149,0.6091688842046313,0.010489289605189139,0.9905270896397897,0.009472910360210262,0.014773607871366373,1.5447901702702498,0.014012859393158755,-0.012358702061714329,-9.911906015808458e-05,-0.010364303097241553,-0.1042127843889602,-0.09372349478377107,0.0,0.014012859393158756,0.190129605407446,0.014012859393158755,0.190129605407446
612,1,DETACHED,21,0.30545271680934777,0.004723585904169583,0.606181847714526,0.010138657082866605,0.9909967631629201,0.009003236837079858,0.014083770461277451,1.5502170155930668,0.013701251288034651,-0.011312808153237257,-9.471488396123514e-05,-0.010425377575580826,-0.10593275632674341,-0.0957940992438768,0.0,0.013701251288034651,0.189794831407551,0.013701251288034651,0.189794831407551
612,1,DETACHED,22,0.3039286956946441,0.004682056227594867,0.6031753351616933,0.00969527077334276,0.9916236076123088,0.008376392387691143,0.013140840183065387,1.5556538837096996,0.013016902177152718,-0.010243039569826067,-8.543551252150524e-05,-0.010114123983646573,-0.10741100159542959,-0.09771573082208683,0.0,0.013016902177152718,0.18973219880582817,0.01301690217715272,0.1897321988058282
612,1,DETACHED,23,0.3024022807334837,0.00463969739715402,0.6001648640698134,0.009122560733999162,0.9924724199954605,0.007527580004539462,0.011839691421607627,1.5610019674472149,0.011813140054695023,-0.009142211564230117,-7.030436067557333e-05,-0.009269265678191727,-0.10866697874802148,-0.0995444180140223,0.0,0.011813140054695023,0.1899036638158576,0.011813140054695023,0.1899036638158576
612,1,DETACHED,24,0.3008939530344545,0.004597387433345614,0.5971905186355634,0.008462438921667809,0.9934777315415705,0.0065222684584294935,0.010282374076320657,1.5662203629478717,0.010260981495236516,-0.007980069117867836,-5.2989482251510634e-05,-0.008071405057661378,-0.10978176791717836,-0.10131932899551055,0.0,0.010260981495236514,0.19020629861653404,0.010260981495236516,0.19020629861653407
612,1,DETACHED,25,0.2994299520761903,0.0045558187127492785,0.5943040854396313,0.007818911028075684,0.9944669743017022,0.005533025698297769,0.008742518975312245,1.5713186359912865,0.008778393143547442,-0.006734881532105855,-3.8744467224158485e-05,-0.006963656992085565,-0.11086987936595577,-0.10305096833788009,0.0,0.00877839314354744,0.1905041439042236,0.008778393143547442,0.1905041439042236
612,1,DETACHED,26,0.29803155111169594,0.004515480023027021,0.5915476222003648,0.0073183759544782154,0.9952253109666959,0.004774689033304178,0.00756250260474732,1.5763108244324107,0.007846679995602188,-0.005442340998026557,-3.0932888399702255e-05,-0.006447580829235243,-0.112038592095104,-0.10472021614062578,0.0,0.007846679995602188,0.19067740528582644,0.007846679995602188,0.19067740528582647
612,1,DETACHED,27,0.29670461739707127,0.004476624027637116,0.5889326107665054,0.007023671149536373,0.9956420206487896,0.0043579793512103495,0.0069209732953886905,1.5811942373621644,0.0076502598386888115,-0.0041991479640060385,-2.939132458537526e-05,-0.006714863803014614,-0.11338022529620334,-0.10635655414666696,0.0,0.0076502598386888115,0.19063912998499954,0.0076502598386888115,0.19063912998499957
612,1,DETACHED,28,0.29543458065527306,0.004439273054202442,0.5864298882563437,0.006866627242695508,0.9958292210817695,0.0041707789182304595,0.006642345754968256,1.5859488428919744,0.007831443419271819,-0.003151102154915326,-3.0794188767945296e-05,-0.007352524220497055,-0.11496374041235022,-0.10809711316965472,0.0,0.007831443419271819,0.19034969728390555,0.007831443419271819,0.19034969728390552
612,1,DETACHED,29,0.2941949645242067,0.004403401313579242,0.5839865277348342,0.006718289045568868,0.9960059435368946,0.003994056463105362,0.006378150041630047,1.5905321842381865,0.007821834335896217,-0.002454922740857861,-3.0713216510007055e-05,-0.0076590169597448516,-0.11681571408715667,-0.1100974250415878,0.0,0.007821834335896217,0.18983054456340687,0.007821834335896217,0.18983054456340687
612,1,DETACHED,30,0.292964659331143,0.004369134742299996,0.5815601839199861,0.0065162353998068565,0.9962800867051459,0.0037199132948541,0.005954967485628042,1.5948800557031595,0.007343581385676274,-0.0022218128465292257,-2.7064772390663764e-05,-0.007248581256269067,-0.11890602904237838,-0.11238979364257151,0.0,0.007343581385676275,0.18916056371862297,0.007343581385676275,0.189160563718623
612,1,DETACHED,31,0.2917389092891383,0.004336792148819601,0.5791410264294571,0.006308850372931708,0.9965691654540783,0.0034308345459217434,0.005504533775628675,1.5989254385679668,0.00657405717334284,-0.0024811548544897244,-2.1683506381962182e-05,-0.006298500720437577,-0.1211509879611086,-0.11484213758817689,0.0,0.00657405717334284,0.1884527823756876,0.006574057173342841,0.1884527823756876
612,1,DETACHED,32,0.2905258010891051,0.004306718065478506,0.5767448841127316,0.006204140848019774,0.996685366393993,0.0033146336060070484,0.005329792756835215,1.602628549056912,0.005950086865708952,-0.0031834276286496275,-1.7760636858536477e-05,-0.005340489767152698,-0.1234375450988939,-0.11723340425087413,0.0,0.005950086865708951,0.1878200183317805,0.005950086865708951,0.1878200183317805
612,1,DETACHED,33,0.2893326652821072,0.004279063021028756,0.5743862675431857,0.0062502212591774185,0.9965424779365825,0.0034575220634175566,0.0055720516352353484,1.6060016514484419,0.005702071797396591,-0.00423054319051381,-1.6313214691052372e-05,-0.004701867722939098,-0.12566151218093843,-0.11941129092176102,0.0,0.005702071797396591,0.18734304160850845,0.005702071797396591,0.18734304160850845
612,1,DETACHED,34,0.2881581816265214,0.004253668042237347,0.5720626952108054,0.00638078538739245,0.9962538155552718,0.003746184444728132,0.006050702849263331,1.609113456453748,0.005623484649913745,-0.005499624291426899,-1.5871246420366176e-05,-0.004220771837905394,-0.12775593889814102,-0.12137515351074857,0.0,0.005623484649913744,0.1870573279463267,0.005623484649913745,0.18705732794632668
612,1,DETACHED,35,0.28699873140908266,0.004230096251398044,0.5697673665667673,0.0065037101185633234,0.9959797276209622,0.004020272379037741,0.006507129966369906,1.6120722479630922,0.005403260266577089,-0.006844306664386996,-1.4656534013050446e-05,-0.0036310004342738895,-0.1296937503603665,-0.12319004024180319,0.0,0.005403260266577089,0.186960809312305,0.005403260266577089,0.186960809312305
612,1,DETACHED,36,0.28585763912812767,0.004207795246915793,0.5675074830093395,0.006576466783108628,0.9957950064811826,0.004204993518817362,0.006819702189244644,1.6149906903182467,0.004941813083534081,-0.008097622334078042,-1.2262321257708633e-05,-0.002903870891037316,-0.13147555720341803,-0.1248990904203094,0.0,0.004941813083534081,0.18702976924168957,0.004941813083534081,0.18702976924168957
612,1,DETACHED,37,0.28474666677438065,0.0041862734817199425,0.5653070600670413,0.006604664614300668,0.9956900703192663,0.004309929680733716,0.0070034215474735146,1.617946883043404,0.004380568116515922,-0.00909534569605049,-9.636219942056274e-06,-0.0022261821473812406,-0.1331179884237475,-0.12651332380944683,0.0,0.004380568116515922,0.18723192681218384,0.004380568116515922,0.18723192681218384
612,1,DETACHED,38,0.2836800603870557,0.004165169572426062,0.5631949512016853,0.0066092197869542495,0.9956280500702392,0.004371949929760715,0.00711789737518976,1.6209651066722368,0.003985746176624085,-0.009713056112747727,-7.977965558198552e-06,-0.001816829199750579,-0.13464870757914016,-0.1280394877921859,0.0,0.003985746176624085,0.18753325396262743,0.003985746176624085,0.18753325396262743
612,1,DETACHED,39,0.28266697430476784,0.0041442424004898,0.5611897062090458,0.006597344210897516,0.9955962269333716,0.004403773066628528,0.007183414873052619,1.6240120996024807,0.003936639739124025,-0.009898640876166442,-7.782840079348551e-06,-0.0017595289540560792,-0.13610342075001183,-0.1295060765391143,0.0,0.003936639739124025,0.18790177835014604,0.003936639739124025,0.18790177835014607
612,1,DETACHED,40,0.28170755316927626,0.004123371013281814,0.5592917353252707,0.006556016786584427,0.9956181837264497,0.00438181627355037,0.007160613812279572,1.6270050757677812,0.00414433246396377,-0.009681869626566315,-8.62554132327049e-06,-0.0019598598503021616,-0.13752170117890175,-0.13096568439231732,0.0,0.00414433246396377,0.18830999320215405,0.004144332463963769,0.18830999320215408
612,1,DETACHED,41,0.2807943850651868,0.0041025777867285,0.557486192343645,0.006467135026924407,0.9957270920605606,0.004272907939439375,0.006994003838406868,1.629831300505621,0.004369103347506792,-0.009155728686745116,-9.585489946694175e-06,-0.0022337321950001592,-0.1389407841393247,-0.13247364911240028,0.0,0.004369103347506792,0.18873649219957075,0.004369103347506792,0.18873649219957075
612,1,DETACHED,42,0.2799170871742763,0.004082023898118691,0.5557521504504339,0.006327593141494392,0.9959295072629554,0.004070492737044648,0.006671728226495456,1.6323751040593217,0.004456120662412757,-0.008441652984549375,-9.969084766126454e-06,-0.002439140988665533,-0.1403883688781655,-0.1340607757366711,0.0,0.004456120662412757,0.18916723854243567,0.0044561206624127575,0.18916723854243567
612,1,DETACHED,43,0.27906615216752895,0.004061938558762788,0.5540703657762951,0.006157469495413721,0.9961900021291453,0.0038099978708546873,0.006251429990354863,1.6345447599960967,0.004410346441138339,-0.007655832823668916,-9.762774013636393e-06,-0.00255264653553444,-0.1418786222099561,-0.13572115271454238,0.0,0.004410346441138338,0.18959546667425095,0.00441034644113834,0.18959546667425092
612,1,DETACHED,44,0.2782338272602205,0.004042545992114122,0.5524251085283268,0.005987725167866982,0.996452879233146,0.003547120766854085,0.005824776061108997,1.636289052015556,0.004328240851855066,-0.006880930476627252,-9.400178002438106e-06,-0.0026406866446052548,-0.14341475481480365,-0.13742702964693668,0.0,0.004328240851855065,0.19001936712176576,0.004328240851855066,0.19001936712176576
612,1,DETACHED,45,0.27741278653540524,0.004023892244833713,0.5508016808259768,0.005837589892886852,0.9966829346657267,0.003317065334273326,0.00545008804186002,1.6375950415030418,0.004288406325988725,-0.006143718090447523,-9.225817046294673e-06,-0.0027720932456111744,-0.1449958424434928,-0.13915825255060596,0.0,0.004288406325988725,0.1904387708488766,0.004288406325988725,0.1904387708488766
612,1,DETACHED,46,0.2765948148245853,0.004005748303741657,0.549183881345429,0.0057137428547208895,0.9968670890348263,0.003132910965173708,0.005149305864365018,1.6384677396265874,0.004317458258327908,-0.0054526817837145325,-9.349514101449406e-06,-0.002974940242416099,-0.14661427288741247,-0.14090053003269157,0.0,0.004317458258327908,0.19085623203736377,0.004317458258327907,0.19085623203736377
612,1,DETACHED,47,0.2757710814795041,0.003988010706537665,0.5475541522524705,0.0056108579215374274,0.9970144438901505,0.0029855561098494714,0.00490773839678127,1.6389194804554925,0.004381066244689606,-0.0048193292414794335,-9.625608514490799e-06,-0.0032144332134703057,-0.1482591319568523,-0.14264827403531488,0.0,0.004381066244689605,0.19127502102985516,0.0043810662446896066,0.19127502102985516
612,1,DETACHED,48,0.27493392936736094,0.003970710988380109,0.5458971477463418,0.0055167393827819785,0.9971471618848291,0.0028528381151709074,0.004689094642319219,1.6389704657734687,0.004429087305406121,-0.004237328567413807,-9.83646903323153e-06,-0.0034381225935307684,-0.1499262866785427,-0.14440954729576072,0.0,0.004429087305406121,0.1916950380933619,0.004429087305406121,0.1916950380933619
612,1,DETACHED,49,0.2740782208901972,0.003953860144313001,0.5442025816360814,0.005422959493030395,0.9972806981483254,0.0027193018516745875,0.004468129173161465,1.6386481620211841,0.004440886827352941,-0.0036856019975339605,-9.88762534458664e-06,-0.003626202034395719,-0.15161918224381454,-0.14619622275078414,0.0,0.004440886827352942,0.1921136951035583,0.004440886827352941,0.19211369510355833
612,1,DETACHED,50,0.2732009656735903,0.003937439881424634,0.542464491465756,0.005326979085290882,0.9974197411257647,0.0025802588742353107,0.004237340902409906,1.6379780758222748,0.00441417253162731,-0.003155135571557444,-9.767662667765569e-06,-0.00377576826370719,-0.15334272055632062,-0.14801574147102972,0.0,0.00441417253162731,0.19252939114881704,0.004414172531627311,0.19252939114881706
612,1,DETACHED,51,0.2723004799975732,0.003921481562476356,0.54067947843267,0.0052266175101947105,0.9975684834593457,0.002431516540654317,0.003990032970029588,1.6369747325650947,0.004331990148006177,-0.0026632401414858503,-9.405940019950196e-06,-0.003858937072534296,-0.15509725360369941,-0.1498706360935047,0.0,0.004331990148006176,0.1929436570994868,0.004331990148006177,0.1929436570994868
612,1,DETACHED,52,0.2713766905445649,0.0039059973935915084,0.5388473836955383,0.0051177145178017466,0.9977348600141281,0.0022651399858718106,0.0037133736294218934,1.635643863708245,0.004161699252896388,-0.0022419712312571993,-8.679530687798713e-06,-0.003823106028674937,-0.15687642018522585,-0.1517587056674241,0.0,0.004161699252896389,0.1933606629869773,0.004161699252896388,0.1933606629869773
612,1,DETACHED,53,0.2704326824914633,0.0038909412130562118,0.5369744237698704,0.005001160008480318,0.9979173641057135,0.0020826358942865634,0.003410121337648174,1.6339962764889677,0.0038962413518717565,-0.0019199320763482242,-7.606189258786811e-06,-0.0036445873024856835,-0.1586692501999849,-0.15366809019150457,0.0,0.0038962413518717565,0.19378510541117888,0.003896241351871756,0.19378510541117888
612,1,DETACHED,54,0.26947570504684604,0.003876275327760947,0.5350751347659312,0.004888920950506075,0.9980936600206255,0.001906339979374515,0.0031172119444995068,1.6320643287176693,0.0035884196061414693,-0.001703689584585799,-6.450674814162432e-06,-0.003377350160270326,-0.1604659876588054,-0.15557706670829932,0.0,0.0035884196061414693,0.19421997744606168,0.0035884196061414693,0.19421997744606168
612,1,DETACHED,55,0.26851566903066176,0.003862012935405201,0.5331693251259183,0.0047995810747885545,0.9982286884806044,0.0017713115193955522,0.002892191488533621,1.629904443583631,0.0033341905386761604,-0.0015704061839536055,-5.568276426275853e-06,-0.0031380212984758226,-0.16226323803822976,-0.1574636569634412,0.0,0.0033341905386761604,0.19466578574883903,0.0033341905386761604,0.19466578574883903
612,1,DETACHED,56,0.2675612778275497,0.0038481243595364523,0.531274431295563,0.004742579745250409,0.9983041130600594,0.0016958869399406893,0.0027648780585887876,1.6275785095056108,0.0032003370105419876,-0.0014752212026787244,-5.129778014061254e-06,-0.0030197051288699196,-0.16406482357130264,-0.15932224382605223,0.0,0.0032003370105419876,0.19512124579317042,0.003200337010541988,0.19512124579317042
612,1,DETACHED,57,0.26661682832142564,0.003834429875641852,0.5293992267672094,0.004707591143643933,0.9983386229953636,0.0016613770046364589,0.002704436545871078,1.6251238879847556,0.0031684473529374445,-0.0013687099487189273,-5.0278825225731665e-06,-0.0030213066029925683,-0.1658764108228734,-0.16116881967922947,0.0,0.0031684473529374445,0.19558471562882102,0.0031684473529374445,0.19558471562882102
612,1,DETACHED,58,0.265682466870564,0.0038206976726869474,0.527544236068441,0.0046768074213863016,0.998365340325696,0.001634659674304024,0.0026566264620618034,1.622529645532379,0.0031752143724112863,-0.0012215878054335908,-5.049246955767794e-06,-0.0030838181394117177,-0.16769460802932928,-0.163017800607943,0.0,0.0031752143724112863,0.19605552927122255,0.003175214372411286,0.19605552927122258
612,1,DETACHED,59,0.2647564164809229,0.003806837869848057,0.5257059950919978,0.0046441681590596775,0.9983956090412784,0.001604390958721563,0.0026028677737190377,1.6197372230686633,0.0031896076628528665,-0.0010403188618827394,-5.0949728498400775e-06,-0.003170547985086008,-0.169500608579433,-0.1648564404203733,0.0,0.003189607662852866,0.19653372418249687,0.0031896076628528665,0.19653372418249687
612,1,DETACHED,60,0.263836035115875,0.0037928496798495296,0.5238792205519005,0.004617790167698023,0.9984138394427347,0.0015861605572652891,0.00256837033517501,1.6166689278127224,0.003231765067011993,-0.0008546511679344407,-5.230449056169196e-06,-0.003292322899002776,-0.17126730468120893,-0.1666495145135109,0.0,0.003231765067011993,0.19701820160960407,0.003231765067011993,0.1970182016096041
612,1,DETACHED,61,0.2629172137142998,0.003778681077463916,0.5220557463511357,0.004607399947817437,0.998401011879783,0.0015989881202169796,0.0025837268471733156,1.613267457102029,0.003334018212310621,-0.0006868282883803187,-5.566739870931413e-06,-0.003475847412334287,-0.17297642438721558,-0.16836902443939814,0.0,0.003334018212310621,0.1975052943295284,0.003334018212310621,0.19750529432952843
612,1,DETACHED,62,0.261993629151872,0.0037643127634354396,0.5202229455403086,0.004611490080797436,0.9983596414822095,0.0016403585177905318,0.0026445302318253462,1.6095214707637227,0.003493517076387005,-0.0005301956771595128,-6.11235723876419e-06,-0.0037201201538083826,-0.1746337153860174,-0.17002222530521996,0.0,0.0034935170763870055,0.19798895581597553,0.003493517076387005,0.1979889558159755
612,1,DETACHED,63,0.26105713396832153,0.003749799792529799,0.5183644681441133,0.00461614376648358,0.9983165190826587,0.0016834809173412399,0.0027073155410037085,1.6054579526934791,0.003664021449936975,-0.0003524674399551878,-6.723846059331153e-06,-0.003987289979740534,-0.1762696020732133,-0.1716534583067297,0.0,0.003664021449936975,0.1984619341400672,0.003664021449936975,0.1984619341400672
612,1,DETACHED,64,0.26009923024373116,0.003735148322413957,0.5164633121650484,0.004608213528799938,0.9982972162093793,0.0017027837906207553,0.0027309816724273048,1.601102509972285,0.0038020091407066615,-0.0001207412489547127,-7.239964847795995e-06,-0.004244600396609157,-0.1779222548136566,-0.17331404128485664,0.0,0.0038020091407066615,0.1989168788076268,0.003802009140706662,0.1989168788076268
612,1,DETACHED,65,0.2591121991573161,0.0037203500497539252,0.5145040482648783,0.004590735083851265,0.998295981181195,0.0017040188188049107,0.002724980579691071,1.5964243654364503,0.003916739333836645,0.00015883065538518793,-7.683516361085448e-06,-0.004501372531784071,-0.17961055622840297,-0.1750198211445517,0.0,0.003916739333836645,0.19934691400601418,0.003916739333836646,0.19934691400601418
612,1,DETACHED,66,0.25808847800380863,0.00370545004524954,0.5124715059623677,0.004577633928208984,0.9982856877481985,0.001714312251801502,0.002732682870867365,1.5913076490439855,0.004041606859503911,0.00042382266494451,-8.181318337656666e-06,-0.004764180501429569,-0.1813180788428757,-0.17674044491466673,0.0,0.004041606859503911,0.1997448477916276,0.00404160685950391,0.1997448477916276
612,1,DETACHED,67,0.25702000137302644,0.003690421757375343,0.5103495809886776,0.004575580928950219,0.9982529494326762,0.0017470505673238585,0.002774968886824491,1.5855985669033865,0.004173698852250545,0.0005942157966964661,-8.72512428797604e-06,-0.004985477362558889,-0.18300724586853653,-0.17843166493958632,0.0,0.004173698852250545,0.2001018942462531,0.004173698852250545,0.2001018942462531
612,1,DETACHED,68,0.2558999809316363,0.0036752265604967594,0.5081247353027758,0.004588632727884003,0.9981893011063394,0.0018106988936605313,0.0028646606649022693,1.5792099045385015,0.004317784234409315,0.0006335222345595678,-9.338539630834774e-06,-0.005148084190084245,-0.18465365714599546,-0.18006502441811145,0.0,0.004317784234409315,0.20040881988936265,0.004317784234409315,0.20040881988936265
612,1,DETACHED,69,0.25472376562334387,0.0036599456486217227,0.505787585598066,0.004620036576689781,0.9980879544329312,0.001912045567068809,0.003011850234552821,1.572186087736155,0.004504867655886463,0.0005818154356461576,-1.0166354832216188e-05,-0.005306838117922761,-0.18627424101133022,-0.18165420443464045,0.0,0.004504867655886463,0.2006585051045213,0.004504867655886463,0.2006585051045213
612,1,DETACHED,70,0.2534869505915633,0.003644575288396225,0.5033293258947303,0.004647822365663072,0.9979922399551928,0.002007760044807199,0.003147779546899282,1.5646588689819374,0.004678632583181254,0.0005370153754903586,-1.0966820167553648e-05,-0.005451249740978712,-0.18792584587756522,-0.18327802351190214,0.0,0.004678632583181254,0.20084632406895453,0.004678632583181254,0.20084632406895456
612,1,DETACHED,71,0.2521869770162635,0.0036289590616025687,0.5007449949709245,0.004642053894594263,0.9979620556171789,0.002037944382821099,0.0031789820912732332,1.556717410602531,0.004736822487805583,0.0005673960956232634,-1.1241653505104685e-05,-0.0055049312115968444,-0.18965766665150352,-0.18501561275690925,0.0,0.004736822487805583,0.20096949654401883,0.004736822487805582,0.20096949654401883
612,1,DETACHED,72,0.25082813041047597,0.0036130676173140863,0.4980431932036378,0.004614847022316207,0.9979738706175838,0.0020261293824160764,0.0031434812413523323,1.548327648210341,0.004717450558577792,0.0006358466473370236,-1.1149760744163622e-05,-0.0054918358042092405,-0.19146462390985622,-0.18684977688754,0.0,0.004717450558577792,0.2010269747898765,0.004717450558577792,0.2010269747898765
612,1,DETACHED,73,0.24942076480210099,0.0035968804124331052,0.49524464919176886,0.004601537201403232,0.9979565517169651,0.0020434482830350097,0.0031521906167742797,1.5394318047523292,0.004742745727721795,0.0006625303531010516,-1.1269847870192077e-05,-0.005503842995335046,-0.1933229919894615,-0.18872145478805827,0.0,0.004742745727721795,0.20101781307449024,0.004742745727721795,0.20101781307449024
612,1,DETACHED,74,0.2479741052590557,0.0035803495682282197,0.49236786094988316,0.004612185900566653,0.9978889879378838,0.0021110120621162004,0.0032369490250054836,1.5301266366669581,0.004853313168062489,0.0006378546578464679,-1.1802239022581025e-05,-0.005578994343517917,-0.19526793197442172,-0.19065574607385508,0.0,0.004853313168062489,0.20094150764361998,0.004853313168062489,0.20094150764361998
612,1,DETACHED,75,0.24649003785775347,0.0035633924477081313,0.4894166832677988,0.004632389822330951,0.997799752734373,0.0022002472656270726,0.0033532290543766257,1.5206705053511982,0.0050071239811528695,0.0006107870010441579,-1.2563287620552488e-05,-0.005697380234100829,-0.19739020795077766,-0.19275781812844672,0.0,0.0050071239811528695,0.20080356191514442,0.0050071239811528695,0.20080356191514442
612,1,DETACHED,76,0.2449638320166974,0.003546005927672059,0.48638165810572276,0.004651800225654236,0.9977097915346682,0.00229020846533181,0.0034692249278015196,1.5113382610793256,0.005171295378509773,0.0006086272190407159,-1.3401840955505595e-05,-0.0058383977477618094,-0.19976431221160368,-0.19511251198594945,0.0,0.005171295378509772,0.2006216667903626,0.005171295378509773,0.2006216667903626
612,1,DETACHED,77,0.2433882132711159,0.003528211723183245,0.48324821481904856,0.004669137678874279,0.9976216835897438,0.0023783164102561634,0.0035816494837054794,1.502378393620781,0.0053424513461624475,0.000633730367250848,-1.4304914806688538e-05,-0.006000418250286297,-0.20243456799555795,-0.19776543031668367,0.0,0.0053424513461624475,0.20042943367874289,0.0053424513461624475,0.20042943367874289
612,1,DETACHED,78,0.24175401695478968,0.0035099461252635117,0.47999808778431585,0.004670587840265565,0.997564175026558,0.0024358249734419252,0.0036482451880634884,1.4940969655067597,0.005478906364148412,0.0007260717400522446,-1.5045856546676207e-05,-0.006161857948415865,-0.20547921665070432,-0.20080862881043876,0.0,0.005478906364148412,0.2002838777376975,0.005478906364148412,0.2002838777376975
612,1,DETACHED,79,0.24005323299512352,0.0034912697273831155,0.4766151962628639,0.004635532691799127,0.997581473055495,0.0024185269445048878,0.003604346883018645,1.4867023421567902,0.0055080962846281835,0.0009288474881422047,-1.5206339281647353e-05,-0.006272232101789902,-0.20897769701358299,-0.20434216432178387,0.0,0.005508096284628184,0.2002625555825178,0.0055080962846281835,0.20026255558251777
612,1,DETACHED,80,0.2382889252946974,0.003472325394183684,0.4731055251952111,0.004576467661233457,0.9976489262949946,0.0023510737050054633,0.0034875652024445075,1.4799049779659985,0.005458704109863857,0.0011906564866646402,-1.4933835828252955e-05,-0.0063369877549150095,-0.2128527249567882,-0.20827625729555474,0.0,0.005458704109863857,0.20040828234939842,0.005458704109863857,0.20040828234939842
612,1,DETACHED,81,0.23647733621635322,0.0034531504157613293,0.4695015220169451,0.00453312738289572,0.9976826934006358,0.0023173065993642612,0.0034211165545144336,1.472912034808795,0.005449800109431338,0.0013842519965794864,-1.4884652920821579e-05,-0.006408371089286574,-0.21685430372462527,-0.21232117634172956,0.0,0.005449800109431338,0.20066022124736554,0.005449800109431338,0.20066022124736554
612,1,DETACHED,82,0.2346379807866006,0.0034336076038711232,0.46584235396933005,0.004525740975012987,0.9976381645465704,0.002361835453429573,0.003468145345965631,1.4649429333892645,0.005540006724278227,0.001432167295114524,-1.5382167400841886e-05,-0.0064974201442529,-0.22076571809095544,-0.21623997711594245,0.0,0.005540006724278227,0.20089670841323276,0.005540006724278228,0.2008967084132328
612,1,DETACHED,83,0.2327882770877095,0.003413651197856421,0.4621629029775626,0.004543560069144253,0.9975369793696569,0.002463020630343001,0.0035939880167711468,1.455585026765028,0.005698803190508355,0.001377713583989909,-1.6278272623371814e-05,-0.006592790454951556,-0.2245193940833632,-0.21997583401421894,0.0,0.005698803190508354,0.201034756218523,0.005698803190508355,0.20103475621852296
612,1,DETACHED,84,0.230939570818058,0.0033932652820519976,0.458485876354064,0.0045587117127388384,0.9974391005207895,0.0025608994792104536,0.00370938519958936,1.444760275442067,0.005836293970611543,0.001308364111081006,-1.7074890734487846e-05,-0.00665046160302597,-0.22809627486409037,-0.22353756315135154,0.0,0.005836293970611543,0.20102444106054065,0.005836293970611543,0.20102444106054065
612,1,DETACHED,85,0.22908480754476748,0.0033723617995767034,0.45479725328995824,0.004562203030116473,0.9973642542691621,0.002635745730837975,0.003785956745742868,1.432603259955828,0.005929465324012286,0.001263417534079649,-1.7625736473996268e-05,-0.006669565773608644,-0.23145862017084942,-0.22689641714073294,0.0,0.005929465324012286,0.20080889476187014,0.005929465324012286,0.2008088947618701
612,1,DETACHED,86,0.22720104944520117,0.003350834420294779,0.45105126447010757,0.004557980502560631,0.9973036745081268,0.002696325491873083,0.0038372988544660837,1.4193213168363974,0.00600564504573046,0.0012600420210890874,-1.8082642898661506e-05,-0.006688319441406027,-0.23462105179842077,-0.23006307129586015,0.0,0.00600564504573046,0.20036182681549022,0.006005645045730459,0.20036182681549025
612,1,DETACHED,87,0.22528343014889562,0.003328760634830269,0.44723809966296096,0.004540829934123558,0.997269556657792,0.0027304433422079433,0.0038471246871050672,1.40512724501878,0.006055085567656783,0.0013266217193559366,-1.838222223213144e-05,-0.006713939209959484,-0.23765911031909262,-0.23311828038496907,0.0,0.006055085567656783,0.19970870060842588,0.006055085567656783,0.19970870060842585
612,1,DETACHED,88,0.2233546364002524,0.0033061747797593017,0.4434030980207455,0.004517600804919881,0.9972473653843356,0.0027526346156644954,0.003837043302563404,1.3901159647457382,0.006099293749048395,0.0014421310381865047,-1.8652034354005813e-05,-0.006757414156146599,-0.24058422943476468,-0.2360666286298448,0.0,0.006099293749048395,0.19885117726322124,0.006099293749048395,0.19885117726322124
612,1,DETACHED,89,0.22143487787687366,0.0032830330845629646,0.43958672266918436,0.0045078646475327005,0.9971927086746943,0.002807291325305603,0.0038688840769568614,1.3742866504348354,0.0061971887731150956,0.0015425508433049035,-1.9256633324498344e-05,-0.00684024994902212,-0.24335701985909247,-0.23884915521155978,0.0,0.0061971887731150956,0.19777144054027085,0.0061971887731150956,0.19777144054027085
612,1,DETACHED,90,0.21952050056108952,0.003259335260066689,0.43578166586211237,0.004508055671506141,0.9971129342392534,0.002887065760746518,0.003931777952138981,1.3579277285394376,0.006335533226411096,0.0016325756529001385,-2.0127600337259192e-05,-0.006951518356232407,-0.24606909849519742,-0.24156104282369129,0.0,0.006335533226411097,0.196564976598699,0.006335533226411096,0.196564976598699
612,1,DETACHED,91,0.21759424269769861,0.0032351166858588846,0.4319533687095383,0.004489198975854754,0.9970748101251201,0.0029251898748798833,0.003935616172826972,1.3414868490914422,0.006409549794792637,0.0017631885169446136,-2.0601427372721923e-05,-0.007022164428490867,-0.24890386078432405,-0.2444146618084693,0.0,0.006409549794792637,0.19540444469415116,0.006409549794792638,0.19540444469415116
612,1,DETACHED,92,0.2156501023562582,0.003210385528322875,0.42808981918419353,0.004455324647601307,0.9970699002571946,0.0029300997428055434,0.003893761984858793,1.3249900053406016,0.006424457822639661,0.0019045484047838022,-2.0697474823093836e-05,-0.007043046643073793,-0.25188682014973707,-0.24743149550213575,0.0,0.006424457822639661,0.1943268371805922,0.006424457822639661,0.1943268371805922
612,1,DETACHED,93,0.21369377956401187,0.0031851091144025345,0.4242024500136212,0.0044350692194502815,0.9970310959107337,0.0029689040892663782,0.003895249896770005,1.3081208272990847,0.006473537308371501,0.0019831599504738892,-2.1015736347018473e-05,-0.007057601731626325,-0.2549113077956706,-0.2504762385762203,0.0,0.006473537308371502,0.19323816880117814,0.006473537308371501,0.19323816880117814
612,1,DETACHED,94,0.2117279835120769,0.003159276399638842,0.4202966906245149,0.004428429599384025,0.996957469753454,0.0030425302465460235,0.0039389625555843796,1.2906948574552486,0.006551915575110452,0.0019921190762078713,-2.1529302405443057e-05,-0.00705458848800397,-0.25792715138699707,-0.25349872178761307,0.0,0.006551915575110452,0.19207939438427302,0.0065519155751104525,0.192079394384273
612,1,DETACHED,95,0.20975384101461475,0.003132915565859931,0.41637476646336957,0.004430517039507174,0.996859946612791,0.0031400533872090017,0.004008773712910107,1.2726490465776095,0.006643193371812783,0.0019476454215392406,-2.2135515788979453e-05,-0.007027271949430692,-0.2608894149967601,-0.2564588979572529,0.0,0.006643193371812783,0.1908140518336036,0.006643193371812783,0.1908140518336036
612,1,DETACHED,96,0.20776972074465302,0.003106011875643369,0.4124334296136627,0.004438421237216971,0.9967448812275107,0.0032551187724893117,0.004095460376408596,1.2540645831284383,0.006743259063546896,0.001871459353374194,-2.2810020725718833e-05,-0.006984621142308358,-0.2637717902778788,-0.2593333690406618,0.0,0.006743259063546896,0.18945216886916783,0.006743259063546896,0.18945216886916783
612,1,DETACHED,97,0.20576861954267187,0.0030784966614520156,0.40845874242389174,0.004423934917264359,0.9966810463265623,0.0033189536734377417,0.004113623425702266,1.2353201953179662,0.006763918132018693,0.0018336304196579065,-2.2951469111042506e-05,-0.00689232104424995,-0.26668756537508376,-0.2622636304578194,0.0,0.006763918132018693,0.18814252693363123,0.006763918132018693,0.18814252693363123
612,1,DETACHED,98,0.20375019460435953,0.0030503776471710567,0.40445001156154803,0.004379858205014215,0.9966878879662189,0.003312112033781156,0.004043496904778223,1.2167777988537796,0.0066931845886449735,0.001865299545431129,-2.2473795698013426e-05,-0.006762863013201233,-0.2697625672823206,-0.2653827090773064,0.0,0.006693184588644974,0.18702716671514596,0.006693184588644975,0.18702716671514594
612,1,DETACHED,99,0.201723086280631,0.0030216577209443516,0.4004245148403176,0.004339641603249069,0.9966835067773335,0.003316493222666532,0.003988225842262801,1.1985548141993452,0.006655350449288697,0.0019199031121952747,-2.2220539068648803e-05,-0.0066777898564849445,-0.27303030736261114,-0.26869066575936207,0.0,0.006655350449288697,0.18613392024212205,0.006655350449288697,0.18613392024212205
612,1,DETACHED,100,0.19969040652725414,0.0029922909442195523,0.39638852211028874,0.004313175988448953,0.996642354604379,0.0033576453956209837,0.003978225149352236,1.1808476515023654,0.006684128375179024,0.0019778467885352676,-2.241404448118619e-05,-0.0066531105688143145,-0.2765753134063399,-0.27226213741789096,0.0,0.006684128375179024,0.18554390059043172,0.006684128375179024,0.18554390059043172
612,1,JOINT,1,0.3370661892000814,0.0052495560168995285,0.6688828223832632,0.01871103349713502,0.9797154872088585,0.02028451279114146,0.032407243325829456,1.5652275463045218,0.04568405161470311,0.0017844024388781912,-0.0010651217619722787,-0.05144399063028754,-0.06703449728453162,-0.0483234637873966,2.2472163411529715,2.2840562878018034,0.2091594144899142,2.284056287801803,0.2091594144899142
612,1,JOINT,2,0.3356998039798293,0.005180267200937255,0.6662193407587214,0.01312918048517054,0.9879751234046553,0.012024876595344616,0.01899301707481266,1.56048407146061,0.0252266243629186,-0.0028551509904830687,-0.0003220640690601419,-0.02646108555468134,-0.07515169250793888,-0.06202251202276834,2.162873283949364,2.180764965244698,0.19712378281245,2.1807649652446974,0.19712378281245
612,1,JOINT,3,0.3343260763510464,0.005161206283367243,0.6634909464187255,0.010530082674367563,0.9918447002107235,0.00815529978927647,0.012832955179524453,1.5607395082630462,0.014531180342440534,-0.006976566042649901,-0.00010644569764786209,-0.012945888416154943,-0.0833155597918214,-0.07278547711745384,2.1065994765445124,2.1078412045693566,0.1886191884800343,2.107841204569357,0.1886191884800343
612,1,JOINT,4,0.33293833879739776,0.005195478775058783,0.6606811988197367,0.014420362870360661,0.9859266436884802,0.014073356311519816,0.022287979558612805,1.5614123876642982,0.025748912863456753,-0.01090911209071078,-0.0003362352148074094,-0.023555380073308506,-0.09155161603618149,-0.07713125316582083,2.0498571649435484,2.0394361343511798,0.18195744301240996,2.0394361343511798,0.18195744301240996
612,1,JOINT,5,0.3315405833602516,0.005286649860603844,0.6577945168598993,0.020569717716627457,0.976577956176519,0.023422043823481006,0.03746565391023959,1.5621237838261726,0.044804327326907804,-0.014644816791213038,-0.0010277867396659985,-0.04285338551890626,-0.09983552859442292,-0.07926581087779547,1.9906524127822751,1.970450822514615,0.17722020121024748,1.970450822514615,0.1772202012102475
612,1,JOINT,6,0.3301388185402478,0.00543838656399076,0.6548392505165048,0.02719602710213044,0.9664958244654712,0.03350417553452879,0.0541691273872928,1.5626182289070618,0.0656323227052975,-0.018132650839647373,-0.002228463731891787,-0.06428455132783334,-0.10813641238546128,-0.08094038528333083,1.9284118557374534,1.898955410620895,0.17452533067248766,1.898955410620895,0.17452533067248766
612,1,JOINT,7,0.3287366439702558,0.005654479849866655,0.651818808090645,0.03399780583840584,0.9561360404005811,0.04386395959941894,0.0716955090246088,1.5628014602266247,0.08722872454408,-0.02133451771088311,-0.003978958047852267,-0.08673237043661441,-0.11642169304531665,-0.08242388720691081,1.8628696626011079,1.8245080822776467,0.17392434773535861,1.824508082277647,0.17392434773535861
612,1,JOINT,8,0.3273361054599552,0.005938636814661185,0.6487335741052491,0.04088855934935482,0.9456281925896783,0.05437180741032166,0.08984986179471086,1.5626584154573386,0.10931275199182264,-0.024201605624826494,-0.0063181691502352914,-0.10988486788612195,-0.1246579811318322,-0.08376942178247737,1.793765147986222,1.7468670175694747,0.17536931535963565,1.7468670175694745,0.17536931535963568
612,1,JOINT,9,0.3259367303989762,0.0062941015424639625,0.6455793592554884,0.04781934038396981,0.93504427273975,0.06495572726024999,0.10852855511074917,1.5622795427790854,0.1317381162651002,-0.026681206595748432,-0.009280272487112193,-0.13359046237403535,-0.13281184707419286,-0.08499250669022304,1.7210177754843423,1.6660357584369747,0.17870952347255384,1.666035758436975,0.17870952347255384
612,1,JOINT,10,0.32453718816560834,0.00672365946688714,0.6423507168643295,0.05475656991920476,0.9244322438868681,0.0755677561131319,0.12766019811982932,1.5616872787155316,0.15440482301207334,-0.02872559266491277,-0.012894860346469776,-0.15774485439065927,-0.14085059189916133,-0.08609402197995657,1.6446366977420497,1.5821505724566924,0.18371094575898603,1.5821505724566927,0.18371094575898603
612,1,JOINT,11,0.3231343067597288,0.007229794382668133,0.6390388191367895,0.06167945677620172,0.9138194291942513,0.0861805708057487,0.14719323622157243,1.5607698794248357,0.1772226541379425,-0.03032853930320606,-0.01718494274486497,-0.18222128750162395,-0.148742158281377,-0.08706270150517527,1.5646928608189523,1.495451357123839,0.19008553850026325,1.495451357123839,0.19008553850026325
612,1,JOINT,12,0.32172045053977233,0.00781418473328612,0.6356267163462586,0.06856531217564323,0.9032336495637071,0.09676635043629289,0.1670654671805127,1.55941761735518,0.20007556413269734,-0.03152580736984626,-0.022159399941727734,-0.2068396254613911,-0.15645647426893916,-0.08789116209329594,1.4814383388916665,1.406402771107592,0.19752095973216452,1.406402771107592,0.19752095973216452
612,1,JOINT,13,0.3202837198041503,0.008477281318718066,0.6320901582895826,0.07538627897626975,0.8927074790652891,0.10729252093471076,0.18719489555283986,1.5575203364319783,0.22281791962660455,-0.03238574923156894,-0.027807443351271038,-0.23136666411696816,-0.16396706177824852,-0.08858078280197877,1.3953118246282596,1.3156974562226507,0.20570829911362506,1.3156974562226504,0.20570829911362504
612,1,JOINT,14,0.3188078750724786,0.009218291395379625,0.6283974587495775,0.08211747193931922,0.8822648041350558,0.11773519586494427,0.2074928811454598,1.554876303541487,0.24529008038723824,-0.03300832405247952,-0.03409816602361454,-0.2555192739705316,-0.17125154866428283,-0.08913407672496361,1.306913589308611,1.2242446780839866,0.21436058163663618,1.2242446780839866,0.21436058163663618
612,1,JOINT,15,0.3172732787402541,0.010034940685569427,0.6245116167949388,0.08873810614002309,0.8719183843514259,0.12808161564857418,0.22786229337596536,1.5511775182482563,0.26731958752635526,-0.033514574661624656,-0.04097846952063975,-0.2789618225590217,-0.1782922739850231,-0.089554167845,1.217006649138903,1.1331903829236685,0.22322390088268387,1.1331903829236685,0.22322390088268387
612,1,JOINT,16,0.3156598561267371,0.010923209881303094,0.620396502372171,0.09522696735505827,0.861677683809224,0.13832231619077606,0.24818762505036462,1.546082684218176,0.28871584349031904,-0.034035895156358305,-0.04836892021726168,-0.30131377415398203,-0.1850763832817214,-0.08984941592666314,1.1265353038776824,1.043964975418774,0.23208357166655114,1.043964975418774,0.23208357166655114
612,1,JOINT,17,0.3139535200550614,0.011877321874306212,0.6160297182358165,0.10155776958345009,0.8515598907672275,0.1484401092327725,0.2683350704083376,1.5393641545198449,0.3092912239006117,-0.034676185752301705,-0.05616813463099516,-0.3222210684038567,-0.19159588643862016,-0.09003811685517008,1.036684088603289,0.9583804532737792,0.24076904159710424,0.9583804532737792,0.24076904159710424
612,1,JOINT,18,0.3121527513397601,0.012887637196333415,0.6114178654831868,0.10768149944486308,0.8416222643928044,0.15837773560719556,0.2881142474986287,1.5310445275276938,0.328839288670811,-0.03548948559337255,-0.06424216798229554,-0.3413840883598669,-0.19784317681500985,-0.09016167737014677,0.949214750044652,0.8789672396289798,0.24914898797377227,0.8789672396289798,0.2491489879737723
612,1,JOINT,19,0.3102689922663408,0.013939601146660777,0.6065983833860208,0.11352018474715708,0.8319765325602174,0.16802346743978258,0.3072770176942474,1.5214973932633857,0.3471467123491383,-0.03648363854868357,-0.0724244225519023,-0.3586131203309588,-0.20381735086615702,-0.09029716611899993,0.8664885986519851,0.8088590067326791,0.25713791543564724,0.8088590067326791,0.25713791543564724
612,1,JOINT,20,0.30831001840732986,0.015015300132830567,0.6016047366818291,0.11897982404474972,0.8227644116410289,0.17723558835897116,0.3255619893660491,1.5113263713770493,0.364000573892394,-0.03772521608385383,-0.08051905011893014,-0.3737861538441006,-0.20954227674903228,-0.09056245270428256,0.7912460249054295,0.7513363416301985,0.2647155930673905,0.7513363416301985,0.26471559306739045
612,1,JOINT,21,0.3062561396897528,0.016094725993440875,0.5964175533860647,0.12396875031914428,0.814113766969363,0.185886233030637,0.3427274571851373,1.5010210098067693,0.3791134279649184,-0.03956971498711084,-0.08827205551280168,-0.3865993433726286,-0.2150696918052175,-0.09110094148607323,0.7264806171867091,0.7093341610930379,0.27191616312721384,0.7093341610930378,0.27191616312721384
612,1,JOINT,22,0.3040552514590086,0.017156964568849874,0.5909535383491673,0.1283960721785194,0.8061349392925126,0.1938650607074874,0.35855990253589937,1.4909734854164103,0.39209822110138504,-0.042730902999056894,-0.09535687358111423,-0.3965155310343471,-0.2204734313584912,-0.09207735917997181,0.675007212156717,0.6845448962916548,0.2788115588766974,0.6845448962916548,0.2788115588766974
612,1,JOINT,23,0.30163369720239136,0.018181224949539537,0.5850861694552432,0.13216634045601525,0.7989343423245996,0.20106565767540047,0.3728723788013778,1.481608307320274,0.40251122712762527,-0.0481646962569068,-0.10139461992107071,-0.4028914978244159,-0.22584235064308633,-0.09367601018707108,0.6387971096407424,0.6765762095869914,0.28550353024911596,0.6765762095869914,0.28550353024911596
612,1,JOINT,24,0.298935871408752,0.019147949789235532,0.5787237930282685,0.13526043927610362,0.7924991028655457,0.2075008971344543,0.38551119202384493,1.47236603813601,0.4099710855412391,-0.05657028269697221,-0.10604194400481083,-0.40500135975545604,-0.23125288896630714,-0.09599244969020351,0.6178301850890258,0.6821682605204737,0.2920903755217915,0.6821682605204737,0.2920903755217915
612,1,JOINT,25,0.2959953833646171,0.02003986745902507,0.5719508992702091,0.13781057530325092,0.7866128758873645,0.2133871241126355,0.3963643937616978,1.4611253465868272,0.4144327669403158,-0.06751641243836803,-0.10917347247847473,-0.40244817729289556,-0.2367274387081526,-0.09891686340490169,0.609450126846381,0.6956510358409076,0.2986205595154293,0.6956510358409077,0.2986205595154293
612,1,JOINT,26,0.2929400468359878,0.020842925813952383,0.5650371678580232,0.1398495532628576,0.7813159010982927,0.2186840989017073,0.4053666177181403,1.4482963589409072,0.4165120460567069,-0.07942126745565782,-0.1110192972307878,-0.39665043179092774,-0.2422286900887062,-0.1023791368258486,0.6101213249162263,0.7123169777299354,0.30507722479866445,0.7123169777299354,0.30507722479866445
612,1,JOINT,27,0.28990015178669076,0.02154671017665525,0.5582535933967263,0.141273778274897,0.7769228011760957,0.22307719882390428,0.41249598477642235,1.436621661272397,0.4170785185976753,-0.09075220295628098,-0.11195094957459181,-0.3898975143868244,-0.24770073837520018,-0.10642696010030317,0.6172894620475547,0.7298541833551053,0.3114041962380992,0.7298541833551054,0.3114041962380992
612,1,JOINT,28,0.2869127471724183,0.022144397027199697,0.5516810973176369,0.14208271311876142,0.7735032982118545,0.22649670178814546,0.4177668148940918,1.4267051425159174,0.4164057404253514,-0.1011734619036278,-0.11208338804761912,-0.38277321323064917,-0.25315465412419097,-0.11107194100542955,0.6297212913254813,0.7472945636986674,0.3176322760739468,0.7472945636986674,0.3176322760739468
612,1,JOINT,29,0.2839264203038525,0.022632257758582686,0.5452205828491223,0.14229903341321085,0.7710113871489656,0.22898861285103453,0.42122306751819233,1.4182704438565998,0.41433153510068566,-0.11123470343454675,-0.111328200750505,-0.3748453227466134,-0.25875936376577063,-0.11646033035255979,0.6459920948069064,0.7641350679160326,0.32408521441978255,0.7641350679160327,0.32408521441978255
612,1,JOINT,30,0.28087773671863225,0.023005323271556286,0.5387501501657083,0.14189614228702666,0.7694774376479191,0.23052256235208096,0.4228526443552154,1.4114695150062857,0.41064589545743413,-0.12151315364812713,-0.1095743963406475,-0.36575606685840667,-0.2646993254037342,-0.12280318311670754,0.6644600542935506,0.7800610289343031,0.3311247877145167,0.780061028934303,0.3311247877145167
612,1,JOINT,31,0.27774719806537546,0.02327396647643195,0.5322204296543189,0.14093101782005274,0.7688223421203002,0.23117765787969982,0.42286973885681334,1.4063283883984867,0.40545766863711546,-0.13221773222844677,-0.10691411529695201,-0.3555618708235925,-0.2710260634925727,-0.13009504567251995,0.6838247672750302,0.7946427388340015,0.3388530078318221,0.7946427388340015,0.3388530078318221
612,1,JOINT,32,0.2745470693253714,0.02345033773911483,0.5256438009116279,0.13950556830801086,0.7689033428755945,0.23109665712440552,0.4215130443678439,1.4024555478776604,0.3989623571193324,-0.14326633132582445,-0.10350518298108567,-0.344381793269575,-0.277655318380328,-0.1381497500723171,0.70359711389615,0.8074426686562162,0.347093399202298,0.8074426686562162,0.347093399202298
612,1,JOINT,33,0.271306135919146,0.023545069107896836,0.5190672027303951,0.13771196418420562,0.7696028344048016,0.2303971655951984,0.41895679549482395,1.3994544441248498,0.3913633966941369,-0.15440754905631562,-0.09950931923894742,-0.33239408105627416,-0.2844431285672752,-0.1467311643830696,0.7255470283108845,0.8201111187898279,0.355544424792273,0.820111118789828,0.355544424792273
612,1,JOINT,34,0.2680347105979377,0.023570636380891317,0.5124987848149841,0.13560697411605568,0.7708531650427839,0.22914683495721616,0.41538254379120965,1.3973527002664508,0.3828975693995203,-0.16543438677747688,-0.09509628765935163,-0.3199052447733655,-0.291344579839647,-0.15573760572359133,0.7499761121594042,0.8337021893106226,0.3641080039207653,0.8337021893106227,0.3641080039207653
612,1,JOINT,35,0.2647232496054315,0.02354199985944435,0.5059044993514186,0.13323555118095767,0.7725910462835669,0.22740895371643305,0.41099495159197724,1.396299549681118,0.3737905891535816,-0.17625089513189415,-0.09042261440375265,-0.3071985562934439,-0.29836548277674957,-0.1651299315957919,0.7761225640827594,0.8485341546308874,0.37278349948039907,0.8485341546308875,0.37278349948039907
612,1,JOINT,36,0.26135834177606915,0.02347635533345322,0.499240328218685,0.13065445536689377,0.7747242201138776,0.2252757798861223,0.40602527184948145,1.3963223753531102,0.36425664350941983,-0.1868198865307708,-0.08563234432069604,-0.29448994119079347,-0.3054886339341727,-0.17483417856727893,0.8033641402265295,0.8648402520959628,0.3815137053983164,0.8648402520959628,0.3815137053983164
612,1,JOINT,37,0.2579274706739852,0.023391917704337864,0.4924630236436325,0.12793326603575386,0.777131127865835,0.22286887213416495,0.4007206329106612,1.3972901394031645,0.35450473690759604,-0.19712040683594198,-0.08085740229904954,-0.2819451798864705,-0.31267730576008,-0.18474403972432615,0.8310718531246001,0.8825672867100227,0.39019597426521185,0.8825672867100228,0.39019597426521185
612,1,JOINT,38,0.2544216631490145,0.02330653690707927,0.48553678939094974,0.1251476004778559,0.7796746036774597,0.2203253963225403,0.3953286148862878,1.3989657401210467,0.34475230368425436,-0.20710670461966318,-0.07622035547586503,-0.2697241282198956,-0.3198910241831752,-0.19474342370531933,0.8585788273992416,0.9013774125940455,0.3987209881089825,0.9013774125940456,0.3987209881089825
612,1,JOINT,39,0.25083778976968674,0.023236486670534736,0.47843909286883873,0.12237039741562422,0.7822202478737503,0.21777975212624967,0.3900819019359065,1.4010942663139825,0.3352345261068864,-0.21668814053786276,-0.07183538638867291,-0.25801798926871616,-0.32709610708607034,-0.20472570967044612,0.8852696624375412,0.9207682529213781,0.40700065690633447,0.9207682529213782,0.40700065690633447
612,1,JOINT,40,0.24717576917089015,0.023196142895263692,0.47115539544651663,0.1196681170716304,0.7846411841547375,0.21535881584526248,0.38519260137093364,1.4034158651972446,0.32618123251832964,-0.22577129807193447,-0.06779799390838175,-0.24701611594024994,-0.3342756232520801,-0.21460750618044971,0.9105899908021756,0.9401202685063642,0.41499208580892194,0.9401202685063642,0.41499208580892194
612,1,JOINT,41,0.2434332104207496,0.023198078980704563,0.46366834186079464,0.1171028644716148,0.7868078882853572,0.2131921117146428,0.3808518233783237,1.4055736701131665,0.317776869044949,-0.2343095872587189,-0.0641720425046036,-0.2368336653918394,-0.34143952849136794,-0.22433666401975313,0.933810485439209,0.9585183017809283,0.42271958533066073,0.9585183017809283,0.4227195853306607
612,1,JOINT,42,0.23960565762944927,0.0232529870159704,0.45595832824292815,0.11473417149019727,0.78858318639001,0.21141681360999004,0.3772269039189014,1.4070536245672984,0.31014718568552835,-0.24229652411835137,-0.06098993641304965,-0.22749202191198925,-0.3486140992884389,-0.23387992779824163,0.9536717441882951,0.97448649110904,0.430250635257153,0.9744864911090397,0.430250635257153
612,1,JOINT,43,0.2356907012513379,0.023367356447998918,0.4480140460546769,0.11260373163872939,0.7898573628976499,0.21014263710235018,0.3744313028593551,1.407364662121269,0.30336622058581014,-0.24973050784895998,-0.05825802740819917,-0.21897284877912376,-0.35580237929422853,-0.24319864765549914,0.9688394129345773,0.9865597754790231,0.4376034586353294,0.9865597754790231,0.43760345863532946
612,1,JOINT,44,0.2316947846144902,0.02354119727320785,0.43984837195577253,0.11072324914825848,0.7905823940182459,0.20941760598175416,0.37249454390662284,1.4062219215040124,0.2974746054987433,-0.25656506637216414,-0.055965792804254316,-0.21127913410571345,-0.3629749512672769,-0.25225170211901843,0.9787574369205935,0.9941822352399954,0.4447252868552823,0.9941822352399954,0.44472528685528223
612,1,JOINT,45,0.22763182491789513,0.02376927648486383,0.43149437335092644,0.10908545090309202,0.7907507409428502,0.2092492590571497,0.37137734989399995,1.4034310846370401,0.29248445295958503,-0.2626956762401949,-0.05409236488420215,-0.2044144758469689,-0.3701092824485998,-0.2610238315455078,0.9834178832920456,0.997348632975985,0.45158320685135644,0.997348632975985,0.45158320685135644
612,1,JOINT,46,0.22352059600326904,0.02404512418825929,0.4229960678182788,0.10768164262000053,0.790358890567497,0.20964110943250297,0.37101861678584624,1.3987612598337302,0.28838964494619534,-0.2679925809453516,-0.05261444408658168,-0.19835944280520504,-0.3772107742212537,-0.2695291316012532,0.982802220847241,0.9959910876037774,0.45821448977968565,0.9959910876037774,0.4582144897796856
612,1,JOINT,47,0.2193842335700014,0.02436301867275486,0.4144054484672479,0.10650308780630555,0.789407349408553,0.21059265059144705,0.3713557756787984,1.3920285334879743,0.2851796306615671,-0.27233435520053517,-0.051511695327640876,-0.19309178529227075,-0.3843013780165871,-0.2777982902102816,0.9768662462212945,0.9900290343621085,0.46469985789760765,0.9900290343621087,0.46469985789760765
612,1,JOINT,48,0.21524952128887545,0.02471768085346253,0.40578136172428836,0.1055350569051199,0.7879163507081823,0.2120836492918177,0.3723195591670234,1.383212092661205,0.2828508506704562,-0.27561150406886104,-0.050769731871341574,-0.1886156806339132,-0.3914088846184922,-0.28587382771337233,0.9657351011794758,0.9796366095169976,0.47113582161940437,0.9796366095169976,0.47113582161940437
612,1,JOINT,49,0.21114521637104233,0.025103222761932192,0.39718720998015244,0.10475375762670419,0.7859339890967723,0.2140660109032278,0.37382510358051496,1.372482505008076,0.281417047994826,-0.27770604741984656,-0.050383083058373,-0.18497928411886905,-0.39857057987933164,-0.29381682225262745,0.9497085775817072,0.9653512004041789,0.4776399705753051,0.9653512004041789,0.4776399705753051
612,1,JOINT,50,0.20709649842175573,0.025512548783350637,0.38868044806016083,0.10412471781691596,0.7835376717212378,0.2164623282787622,0.37577336894871766,1.3602024562063793,0.280893205435367,-0.27852756217516045,-0.05034920190016479,-0.18225109534566647,-0.40583067483873037,-0.3017059570218144,0.9290902602229508,0.947933070726097,0.48433860921200206,0.9479330707260971,0.48433860921200206
612,1,JOINT,51,0.20311398675713394,0.025937400061678755,0.3802905734525891,0.10359887650660354,0.7808359504678365,0.21916404953216348,0.3780607837421578,1.346951984315294,0.2812077112929437,-0.2781853801206384,-0.05063661377478601,-0.18040772895787024,-0.4131922512063214,-0.30959337469971787,0.9052517170902344,0.9289565767628455,0.4912423455673323,0.9289565767628455,0.4912423455673323
612,1,JOINT,52,0.1991934510732048,0.026368288721992664,0.37201861342441694,0.10311340564589451,0.7779689141331695,0.2220310858668306,0.3805854391581632,1.3335233653469414,0.28218855131399456,-0.27701860553978186,-0.05117838068209763,-0.17932258940635792,-0.4206096588618763,-0.3174962532159818,0.8809157422152988,0.9108701028640119,0.4982286447479549,0.9108701028640119,0.4982286447479549
612,1,JOINT,53,0.1953296044854177,0.02679438300565648,0.3638648259651789,0.10260951726028725,0.7750762909112885,0.22492370908871157,0.38324446593542555,1.3206420095640121,0.28365238386222746,-0.2753673278685249,-0.05190371310166506,-0.17885770067705709,-0.428029343199518,-0.3254198259392308,0.8586812393717212,0.89588790112406,0.5051555856892538,0.89588790112406,0.5051555856892538
612,1,JOINT,54,0.1915257180421263,0.02720625522930549,0.3558451808549471,0.10204883377598004,0.7722650218497579,0.22773497815024216,0.3859289548954036,1.3087117104520036,0.28543483283638044,-0.2734434577613275,-0.052749406933636056,-0.17887687797915425,-0.4354317911727786,-0.3333829573967986,0.8422406221867423,0.8874125809025403,0.5119611509996648,0.8874125809025403,0.5119611509996648
612,1,JOINT,55,0.18780507904153812,0.02760442574477672,0.3480057323382995,0.10133699264123698,0.7698743251693381,0.23012567483066199,0.3886006462275822,1.3000446842577453,0.28750251239801183,-0.27192310603437486,-0.053682589438859334,-0.17959250895405876,-0.4430443050477001,-0.3417073124064631,0.8475486740562885,0.9016521961452895,0.5190708420957252,0.9016521961452895,0.5190708420957252
612,1,JOINT,56,0.18433606232305438,0.028022633667155274,0.3406494909789535,0.10063272512516465,0.7677419909397235,0.23225800906027647,0.3920178791571591,1.2958372813312835,0.29068192295243717,-0.27106137978050404,-0.055028890778725484,-0.18190111220103908,-0.4507008330347284,-0.3500681079095638,0.8622774650773378,0.9289884677988863,0.526153133220985,0.9289884677988862,0.526153133220985
612,1,JOINT,57,0.1808805992198881,0.028453372686067846,0.3333078257537084,0.10049421543268322,0.7636877466551847,0.2363122533448153,0.39509681949232295,1.2768301072752746,0.29281290185527503,-0.26692516659870763,-0.05613511272665437,-0.1814112350911406,-0.45776058445006956,-0.35726636901738634,0.8406248586325453,0.9167089359405112,0.5321852910294538,0.9167089359405113,0.5321852910294538
612,1,JOINT,58,0.17725181851754215,0.02886810639017596,0.32563553064490836,0.10035528513354319,0.7591137945045959,0.24088620549540404,0.3972610396358169,1.2519037135671072,0.2938924831965999,-0.2611607123089858,-0.05689054283082247,-0.17928131563580063,-0.4648410397091918,-0.3644857545756486,0.8038926072134147,0.8889398545015635,0.5382459428465457,0.8889398545015635,0.5382459428465457
612,1,JOINT,59,0.1735665144049534,0.029312364208425427,0.3178206646014814,0.10030696846262485,0.7539252626095045,0.24607473739049546,0.3993572928682582,1.2235532793556552,0.2945552008935167,-0.2548007045615333,-0.05754069446692542,-0.17629352629509537,-0.4719948637248784,-0.37168789526225354,0.7663924679899015,0.861544654609971,0.5444319986394128,0.861544654609971,0.5444319986394128
612,1,JOINT,60,0.1699966865750348,0.02974645986112144,0.31024691328894816,0.10027253860371863,0.7485705356952528,0.2514294643047473,0.4014809460033029,1.1953126005027839,0.29554352100489323,-0.24785462739841696,-0.05834184531912219,-0.1736987609019866,-0.47904122319454256,-0.3787686845908239,0.737269759473277,0.8442885083619865,0.5503830847180562,0.8442885083619865,0.5503830847180562
612,1,JOINT,61,0.16658845866910227,0.03009290093689364,0.3030840164013109,0.10026823499469079,0.7429391284825748,0.2570608715174252,0.40277241308579204,1.1640643081477218,0.29603986835702645,-0.2394066149296331,-0.058981685239708745,-0.17046469021035895,-0.48581425379902643,-0.38554601880433564,0.7028266455619638,0.8200594157411794,0.5559031696239946,0.8200594157411794,0.5559031696239946
612,1,JOINT,62,0.16327889276521007,0.030289530509888307,0.29626825502053183,0.10012454901139003,0.7374413362197051,0.2625586637802949,0.4024930832179945,1.1304713119496872,0.29540904932741824,-0.2296536663186425,-0.05916843966997926,-0.1661847778474991,-0.49236522552166073,-0.3922406765102707,0.6638102418634347,0.7877336945037452,0.5610756330728008,0.7877336945037452,0.5610756330728008
612,1,JOINT,63,0.16005196406186276,0.030337784012521997,0.2897661441112035,0.0997454594702911,0.7324591828304053,0.26754081716959466,0.4011529057640556,1.0982553341000096,0.29427277163292087,-0.21961695481413968,-0.059113508407315475,-0.16183785532363745,-0.49870916516479913,-0.398963705694508,0.6304090940176977,0.7578868287332923,0.5658064603371917,0.7578868287332923,0.5658064603371917
612,1,JOINT,64,0.15687463123752227,0.030200101297606738,0.2835491611774378,0.09896019641724968,0.7285954202780253,0.2714045797219747,0.3983119833641323,1.06928293994984,0.2924064059143331,-0.2097159389002203,-0.05867557209398267,-0.15751669759464818,-0.504910712217822,-0.40595051580057234,0.6064660523838039,0.7338852322255784,0.5701710207370922,0.7338852322255784,0.5701710207370922
612,1,JOINT,65,0.15374072008725442,0.029884186841423542,0.2775972533330853,0.09774890501334008,0.7260349680657603,0.2739650319342396,0.3938671867535154,1.0437877722489026,0.2895968187436516,-0.2002971046158123,-0.05775638992283857,-0.1530602588847434,-0.510999759303465,-0.41325085429012487,0.5927423367512283,0.7160451693726327,0.5742127725628833,0.7160451693726326,0.5742127725628833
612,1,JOINT,66,0.15068943554366837,0.029469888154290004,0.2719089829330467,0.0963001949634119,0.7243418728728162,0.27565812712718385,0.3885057584314547,1.0208695517773567,0.28604037642407026,-0.1917286385219048,-0.056478232178074024,-0.1484068287728624,-0.5169336426880256,-0.42063344772461364,0.5898823849783676,0.7045157907239865,0.5778416779845504,0.7045157907239865,0.5778416779845504
612,1,JOINT,67,0.1477467787025075,0.02901220305212709,0.2664813543528879,0.09479617195611802,0.7229788857051422,0.27702111429485776,0.3827507432562144,0.9989155756829959,0.28183937005253396,-0.1840301435143123,-0.05493482042296122,-0.14337071510560243,-0.5226718751938978,-0.4278757032377798,0.5996704722792939,0.7002812639222413,0.5809786848800145,0.7002812639222413,0.5809786848800145
612,1,JOINT,68,0.1449125942402252,0.02853270717309634,0.26129248130735405,0.09334962683123736,0.7215286881110561,0.2784713118889439,0.3767554972096981,0.9761863719331833,0.2770754339010416,-0.17674020589959183,-0.05320009955005011,-0.13784327647737576,-0.528267560911068,-0.4349179340798306,0.624945064622774,0.7062848155167596,0.5837368171577512,0.7062848155167595,0.5837368171577512
612,1,JOINT,69,0.14217597888245725,0.028054429549381293,0.2562975282155332,0.0920044995317485,0.7198159753522007,0.28018402464779935,0.3707027026966091,0.952365959631997,0.27228247044934206,-0.16924505347587718,-0.05149770653375801,-0.1323018751821958,-0.5338732778709472,-0.4418687783391987,0.6657834598653763,0.7287706154604504,0.5864326194591342,0.7287706154604504,0.5864326194591342
612,1,JOINT,70,0.13953669633188512,0.027603714267818314,0.2514696783959519,0.09031999852320467,0.7198489529230554,0.2801510470769446,0.364794754927007,0.93734121327023,0.2695144601237218,-0.16184262937908075,-0.05045367081581734,-0.12964085798299885,-0.5395184283805774,-0.44919842985737274,0.741006485580826,0.8054129268153288,0.5887348375855924,0.8054129268153289,0.5887348375855925
612,1,JOINT,71,0.1371039438835106,0.02725391300432145,0.24695397476269973,0.09032489689741785,0.7129223206024377,0.28707767939756246,0.3591918395750406,0.8920090212122244,0.2636100739680445,-0.15063571419368577,-0.04873621507509879,-0.12103043197796573,-0.5455177430975702,-0.4551928462001523,0.6810111697221214,0.7317674642146061,0.5934233237926252,0.7317674642146061,0.5934233237926252
612,1,JOINT,72,0.13479902319224177,0.026890473443786596,0.24270757294069695,0.08988824211994725,0.7080964908572384,0.29190350914276164,0.3536321480151578,0.8578371798242909,0.2594982020243831,-0.1404641051791299,-0.04754953436668282,-0.11534516500271641,-0.5514234655195531,-0.46153522339960584,0.6535250568613158,0.7048422617581703,0.597484943343541,0.7048422617581703,0.597484943343541
612,1,JOINT,73,0.13257653684981457,0.02649216408248415,0.23866090961714498,0.08894737003331657,0.7056342780674572,0.2943657219325429,0.34799419025641176,0.8341889388518016,0.25721867825989314,-0.13103239400097216,-0.04688083508851416,-0.11237967520710179,-0.5572652333697328,-0.46831786333641623,0.6370288591726594,0.7015825871386208,0.6010144681290482,0.7015825871386207,0.6010144681290482
612,1,JOINT,74,0.13045390967291304,0.026101492669181547,0.23480632667664453,0.08823372297415744,0.7022961609851638,0.2977038390148363,0.34224988015655006,0.8073821880395667,0.2557125199737321,-0.119950759888156,-0.046553645387716794,-0.10982205182120215,-0.5626729772877168,-0.4744392543135594,0.6161509277307746,0.6967312916896086,0.6042247238600691,0.6967312916896086,0.6042247238600691
612,1,JOINT,75,0.12822443724846444,0.025677066720135193,0.23077180777679368,0.08797519362520712,0.6962470778913745,0.3037529221086256,0.33617996565400804,0.7705747062690697,0.2457857587363821,-0.1162283066707778,-0.043383046849242234,-0.09944042476736317,-0.5682811980955076,-0.4803060044703005,0.5778272467958495,0.6316828575053633,0.6077168642149062,0.6316828575053633,0.6077168642149062
612,1,JOINT,76,0.12601872119294164,0.0252268418965343,0.22681060048934898,0.08657596995398684,0.6956643308681751,0.30433566913182497,0.33006655778154464,0.7544811678370854,0.2406800917621071,-0.11222533176780594,-0.04163423651340918,-0.09516943369777155,-0.573941759947127,-0.4873657899931402,0.5590360750881943,0.6157572495196731,0.6105113407892796,0.6157572495196731,0.6105113407892796
612,1,JOINT,77,0.12397189721557003,0.024789699041429303,0.22315409538971076,0.08499758060540022,0.6964783868862234,0.3035216131137766,0.3240513279799761,0.7435870673737802,0.2381352592283431,-0.10683216142739412,-0.04071081224880425,-0.09341740297501111,-0.5795033816828224,-0.49450580107742226,0.5413226524914152,0.6161514156003246,0.613052921241602,0.6161514156003246,0.613052921241602
612,1,JOINT,78,0.12209741803788166,0.024390904320891603,0.2198039317548717,0.08421145486369105,0.6938763432084397,0.3061236567915602,0.31805208318571876,0.7209139559606142,0.23314159657990988,-0.1013410511843018,-0.039167644629946166,-0.08877948967668288,-0.5847893572519441,-0.5005779023882531,0.5361532790186511,0.6133535779880953,0.6153318108775003,0.6133535779880952,0.6153318108775003
612,1,JOINT,79,0.1203385265485141,0.024045471199851072,0.21663158189717713,0.08436882268695618,0.6867720560497167,0.3132279439502833,0.3121774278503533,0.6844687331317054,0.22459478654692147,-0.0964301757557006,-0.03672457091090902,-0.08052094188643606,-0.5903675134455656,-0.5059986907586094,0.499604899136382,0.5594868315193359,0.6182845729101132,0.5594868315193359,0.6182845729101132
612,1,JOINT,80,0.11880220026769195,0.023731950916493563,0.21387244961889032,0.0846878814203458,0.6794163741031364,0.3205836258968636,0.30649890263317847,0.6495664665063657,0.21879405217214412,-0.08920001534205708,-0.035229381488707,-0.07466201234074829,-0.595697989461776,-0.5110101080414302,0.46856628241986364,0.5247365758911084,0.6209919721890221,0.5247365758911086,0.620991972189022
612,1,JOINT,81,0.11732524689220108,0.023413719081776828,0.21123677470262534,0.08480838902994901,0.6731249539880378,0.32687504601196216,0.30091236638138075,0.6196607090266719,0.21520951022891488,-0.08121517952783805,-0.03440307257855165,-0.07084531820039038,-0.6009438142070506,-0.5161354251771015,0.4043667682939082,0.47359225571432223,0.6235987719771585,0.47359225571432223,0.6235987719771584
612,1,JOINT,82,0.11582215849484123,0.023081675398253846,0.20856264159142862,0.08440305322818169,0.669392611605965,0.33060738839403514,0.29535023763277585,0.5980061966183609,0.20974700508625535,-0.07722546355761453,-0.03286098873806394,-0.0665348199814269,-0.6060012971129839,-0.5215982438848022,0.39149581654633986,0.4587257319143868,0.6250999714333194,0.4587257319143868,0.6250999714333194
612,1,JOINT,83,0.11430667281542693,0.02275152218724044,0.20586182344361342,0.08364412459046455,0.6674539772725933,0.33254602272740674,0.28989092321043997,0.5818408173554912,0.20216575113645804,-0.07660165527816386,-0.030617085465262164,-0.061451630961274324,-0.6111439526116687,-0.5274998280212041,0.385451005759807,0.43665336296272056,0.6260545114946117,0.43665336296272056,0.6260545114946117
612,1,JOINT,84,0.11290750321657222,0.022420719138174137,0.2033942872949703,0.08286703926045484,0.6659936545545159,0.334006345445484,0.28449234685414054,0.5672649647463209,0.19597011462761343,-0.07505986635866702,-0.028832321122375125,-0.05749035362776998,-0.615904516801886,-0.5330374775414312,0.4053452455811145,0.44919704216012163,0.6262524664335875,0.44919704216012163,0.6262524664335876
612,1,JOINT,85,0.11161973382581108,0.0220882397511229,0.20115122790049927,0.0825079512037575,0.6625784475224338,0.33742155247756617,0.2790447961915647,0.5479468234682887,0.1915542855277702,-0.07083942094464137,-0.027689584864448943,-0.05437270386943359,-0.6209468969945551,-0.5384389457907975,0.3697332702634589,0.4178041033817507,0.627625545354573,0.4178041033817507,0.627625545354573
612,1,JOINT,86,0.11051250460156596,0.021776161350852995,0.19924884785227892,0.08245324428316239,0.6581046687890091,0.341895331210991,0.2735554161250125,0.5265590959862849,0.18752357506945375,-0.06589945743583417,-0.02671694403227455,-0.05142669114882984,-0.6260403266391412,-0.5435870823559789,0.34353226625744315,0.3937873073215972,0.6292200531796271,0.3937873073215972,0.6292200531796271
612,1,JOINT,87,0.1095186957859869,0.021482225109912177,0.19755516646206162,0.08226559263962831,0.6547830287667645,0.3452169712332355,0.26812546211427746,0.5085613304163439,0.18336442575639864,-0.061986043642456065,-0.025674544968200645,-0.04869765312067724,-0.6312011862356709,-0.5489355935960426,0.3117434202600227,0.35996577909829597,0.6306454961232535,0.35996577909829597,0.6306454961232535
612,1,JOINT,88,0.10844040458901515,0.021183187283554877,0.19569762189447543,0.08159777783332275,0.6538132178896144,0.34618678211038556,0.26281208776842924,0.4963505993980283,0.17878916526627983,-0.059833358997209644,-0.02444548744348725,-0.04616809085221015,-0.6362174004420789,-0.5546196226087561,0.3201638465427205,0.36396983489823403,0.6312632041863214,0.3639698348982341,0.6312632041863214
612,1,JOINT,89,0.1071856700207374,0.02087256302866971,0.19349877701280507,0.08053280996190208,0.6543963656718136,0.34560363432818636,0.2576037954179944,0.4877697187198024,0.17391837168791294,-0.0587797259522693,-0.023111069679858622,-0.04376053520006072,-0.6414531001369135,-0.5609202901750114,0.31383955165011057,0.3564161496738764,0.6321483796782549,0.3564161496738763,0.6321483796782549
612,1,JOINT,90,0.10596064718331866,0.020572937221405286,0.19134835714523202,0.0790776230344345,0.6574174091381252,0.34258259086187487,0.252505231296763,0.48455858348000735,0.17050549809493296,-0.05781189362031268,-0.022110857178785966,-0.04243082639935246,-0.6466659983459377,-0.5675883753115032,0.3366560268344786,0.3824136966826129,0.6329892303123154,0.3824136966826129,0.6329892303123154
612,1,JOINT,91,0.1047978976547122,0.02030190689708606,0.18929388841233835,0.07766306823530363,0.660568739274529,0.339431260725471,0.24744569173121253,0.4815551999437132,0.16770211799517304,-0.056442919342745854,-0.02128771671132529,-0.041428123502763335,-0.6523115223985776,-0.5746484541632739,0.3424841207647903,0.38852956924585474,0.6347652472334567,0.3885295692458547,0.6347652472334567
612,1,JOINT,92,0.10369430447600625,0.020059193580963863,0.18732941537104864,0.0763583409039397,0.6634239691890391,0.3365760308109609,0.24252495348937944,0.4780401827297069,0.1654330558180735,-0.054653640895630594,-0.020626399729542656,-0.04065663245740337,-0.6583312939071406,-0.581972953003201,0.3330433510782437,0.3766676532898499,0.6373256221587987,0.37666765328984997,0.6373256221587987
612,1,JOINT,93,0.10264810356854855,0.019828926885633397,0.1854672802514637,0.07487552916527597,0.6676699498571677,0.33233005014283235,0.23785487181428064,0.47786394961656153,0.1640620418348286,-0.05300891948244633,-0.020156930513924705,-0.04049641848434207,-0.6642309928093362,-0.5893554636440602,0.3521613501049867,0.39444453819195013,0.6394663187610443,0.39444453819195013,0.6394663187610443
612,1,JOINT,94,0.10154395147145234,0.019599801220963123,0.18348810172194158,0.07333742283906046,0.6721082502300004,0.32789174976999963,0.233486852232751,0.47859831732863894,0.16178496084935295,-0.05236143865679769,-0.019471843671067576,-0.039913132269089935,-0.670099920813451,-0.5967624979743906,0.3916528382517584,0.4290054480272047,0.6410269269860405,0.4290054480272047,0.6410269269860405
612,1,JOINT,95,0.10045793873041459,0.019379249239645083,0.18153662822118408,0.07182696622168529,0.6765628717518233,0.3234371282481766,0.22942826211117504,0.47991597228090244,0.15887911868726973,-0.05242889540340915,-0.018655010058032735,-0.0390223820183604,-0.6754113074881012,-0.6035843412664159,0.525856826065353,0.5525103821120876,0.6404140486874886,0.5525103821120876,0.6404140486874885
612,1,JOINT,96,0.09965108893477669,0.019179999502340887,0.18012217836721248,0.0700023903217278,0.6842195676867415,0.3157804323132584,0.22573408385766758,0.4891109817597496,0.16253846467680177,-0.04927237392455028,-0.019305756329660625,-0.04183088911805052,-0.6806559326796483,-0.6106535423579205,0.4376881321586756,0.4962373715174459,0.6423236967833246,0.49623737151744585,0.6423236967833247
612,1,JOINT,97,0.09844869001468805,0.018996933918439346,0.17790044611093675,0.07047964152070091,0.6760127772387129,0.32398722276128716,0.22216411963287905,0.4635546495809579,0.15455105467558844,-0.04845575490140401,-0.01766684691885796,-0.036862608805619285,-0.6869004674620012,-0.6164208259413002,0.3871135259455394,0.42730394715497955,0.6442118043304456,0.42730394715497955,0.6442118043304456
612,1,JOINT,98,0.09758465517340106,0.018828062224592684,0.17634124812220944,0.06920360987457515,0.6801820281717463,0.3198179718282536,0.21873583457050322,0.4652026987148219,0.15349280478580812,-0.04760406041966667,-0.017318923571342345,-0.036833516556827914,-0.6914775010165216,-0.6222738911419464,0.7275383732857394,0.7694295708296255,0.6417722634603504,0.7694295708296253,0.6417722634603504
612,1,JOINT,99,0.09678054741730126,0.01868499690593692,0.1748760979286656,0.06853983579865414,0.6808087108274983,0.3191912891725017,0.21566244309089613,0.45999021538232704,0.15681534676972256,-0.04262156460993101,-0.018060177984957633,-0.03852087105237151,-0.6968883425448287,-0.6283485067461745,0.4439311989694974,0.5148263848850826,0.6451747397841638,0.5148263848850826,0.6451747397841638
612,1,JOINT,100,0.09582278890133936,0.018533967094249634,0.17311161070842906,0.06791380095104098,0.6805499637448108,0.31945003625518925,0.21245220985502397,0.45260393584316844,0.1542638849571951,-0.041425430010417506,-0.017483908213835518,-0.0372473681347096,-0.7018663680078969,-0.633952567056856,0.4651719471824598,0.533972173118657,0.6445980476009009,0.5339721731186571,0.6445980476009009
612,2,DETACHED,1,0.3370661892000814,0.0052495560168995285,0.6688828223832632,0.016454314347003864,0.9831160387853152,0.016883961214684898,0.029837658073073533,1.737381402293051,0.04980062130508675,0.022867453351494642,-0.0012613474831704198,-0.0734454980924613,-0.06703449728453162,-0.05058018293752775,0.0,0.04980062130508675,0.1245806278324935,0.04980062130508675,0.1245806278324935
612,2,DETACHED,2,0.3346696935806023,0.00517356514148816,0.6641658220197164,0.013390749884587376,0.9875306808883831,0.012469319111616856,0.0217368802470966,1.7214922449780137,0.035634266163367054,0.014140057758249931,-0.0006429172022581476,-0.05091701133138435,-0.07196710559256546,-0.05857635570797808,0.0,0.03563426616336705,0.12117732127331819,0.035634266163367054,0.12117732127331818
612,2,DETACHED,3,0.33232043879927,0.005120181977239041,0.6595206956213009,0.01071255678539511,0.9914542016829806,0.008545798317019421,0.014803489665209842,1.7174500829153514,0.02358582895835928,0.007403939890385222,-0.0002805431288246506,-0.03254765131451176,-0.0767856209275507,-0.0660730641421556,0.0,0.02358582895835928,0.11956547860853714,0.02358582895835928,0.11956547860853715
612,2,DETACHED,4,0.3300249542563427,0.005090044221389502,0.6549598642912959,0.009079264250959992,0.9938615090186195,0.0061384909813805,0.0105876584044051,1.7142105756436663,0.015209430377208101,0.000809217658552854,-0.00011637777009171142,-0.018842315896594908,-0.08127278074549904,-0.07219351649453905,0.0,0.015209430377208101,0.11863821915955956,0.015209430377208103,0.11863821915955955
612,2,DETACHED,5,0.32784356999205844,0.0050776683262723325,0.6506094716578446,0.009279710039014562,0.9934905736773068,0.00650942632269333,0.011208493440477573,1.71067802694339,0.01338979079892005,-0.005312594980614619,-9.023059825078807e-05,-0.013771297864898698,-0.08510116324798997,-0.0758214532089754,0.0,0.01338979079892005,0.11830407331795625,0.01338979079892005,0.11830407331795627
612,2,DETACHED,6,0.3257779997255522,0.00507306051263518,0.6464829389384692,0.01033486647968086,0.9917964999541956,0.008203500045804333,0.014114404799646834,1.7064200891162302,0.014852123857959382,-0.01052929702595938,-0.00011120506227958743,-0.013444601807796927,-0.08804535870261906,-0.0777104922229382,0.0,0.01485212385795938,0.11843670811213274,0.01485212385795938,0.11843670811213274
612,2,DETACHED,7,0.32380353245634425,0.005067856078810899,0.6425392088338776,0.01122615625745981,0.9903394871753318,0.009660512824668205,0.016597328432170395,1.7014614054467363,0.01613537274686845,-0.014633298151763927,-0.00013144495248945486,-0.013474970656608331,-0.09016834904726004,-0.07894219278980023,0.0,0.01613537274686845,0.11888680769883181,0.01613537274686845,0.11888680769883182
612,2,DETACHED,8,0.3219070985420466,0.0050584569716682435,0.6387557401124249,0.011771518053154661,0.9894065174964695,0.0105934825035305,0.018161672700053113,1.6962578011604414,0.01661782356555671,-0.017633269938982756,-0.00013955439709186946,-0.013034054663513088,-0.09165902265598892,-0.07988750460283427,0.0,0.01661782356555671,0.11956659702342645,0.016617823565556713,0.11956659702342647
612,2,DETACHED,9,0.3200831273693172,0.005044371774945877,0.6351218829636885,0.012051305133324955,0.9888792517841822,0.011120748215817718,0.01901968088140515,1.6912681983417122,0.016615306838204825,-0.019615481629044435,-0.00013958651717568162,-0.012412313271108283,-0.09266976150296982,-0.08061845636964486,0.0,0.016615306838204825,0.1204496720177597,0.016615306838204825,0.1204496720177597
612,2,DETACHED,10,0.31833156694635184,0.005026260868406297,0.6316368730242974,0.012178981257957716,0.9885850634336657,0.011414936566334329,0.01947620947251895,1.6867277067156312,0.016582259147730743,-0.020667624251899743,-0.00013907317064220978,-0.01204436471655318,-0.09330904676096312,-0.0811300655030054,0.0,0.016582259147730743,0.12153030315601784,0.016582259147730743,0.12153030315601784
612,2,DETACHED,11,0.3166513943820409,0.005004836912754947,0.6282979518513268,0.012231535278021006,0.9884056181721529,0.011594381827847208,0.01973901214646499,1.6827245119593337,0.01681357313546597,-0.02088122611416413,-0.0001430061891516005,-0.012191087277403931,-0.09367010382816787,-0.08143856855014686,0.0,0.01681357313546597,0.12279225155125968,0.01681357313546597,0.1227922515512597
612,2,DETACHED,12,0.31503382705998606,0.004980421849268023,0.6250872322707041,0.012232854173454252,0.9883045433426908,0.011695456657309315,0.019872854267157458,1.679321529454278,0.01733292972657757,-0.02037702338623562,-0.0001519928522691731,-0.012843895784040042,-0.09385993867181044,-0.08162708449835619,0.0,0.01733292972657757,0.12419022772590155,0.01733292972657757,0.12419022772590153
612,2,DETACHED,13,0.3134618499506578,0.00495288716182173,0.6219708127394938,0.012164649384096667,0.9883119080932323,0.011688091906767624,0.019827350505406908,1.6765445349626138,0.017936874738933753,-0.019315451589529287,-0.00016276818723196505,-0.01376321635586692,-0.0940008654790786,-0.08183621609498193,0.0,0.017936874738933753,0.12565476117054794,0.01793687473893375,0.12565476117054794
612,2,DETACHED,14,0.3119136285248,0.004921873950746506,0.6189053830988535,0.011989906003359679,0.9884882379619284,0.011511762038071612,0.019499455356678342,1.6743728894841803,0.018334941813061938,-0.01787815980636042,-0.00017004253484163086,-0.014601157067727237,-0.09421179158889867,-0.08222188558553899,0.0,0.018334941813061934,0.1271072099037767,0.018334941813061938,0.1271072099037767
612,2,DETACHED,15,0.31036713012534695,0.004887150077069628,0.6158471101736243,0.011676759412125348,0.988886981506967,0.011113018493033007,0.018798356240170254,1.6727633244998872,0.018281979129404383,-0.016238404687162783,-0.00016899340730456503,-0.015037802784973043,-0.09459376494215285,-0.08291700553002751,0.0,0.018281979129404383,0.12846989857751362,0.018281979129404383,0.12846989857751365
612,2,DETACHED,16,0.3088049015895472,0.00484892272852375,0.6127608804505706,0.01121701168468145,0.9895246525828838,0.010475347417116204,0.0176964906642944,1.6716499299975351,0.017661194249144502,-0.01453654429686723,-0.00015760990971363807,-0.0148881831735889,-0.09521621842677996,-0.08399920674209851,0.0,0.017661194249144502,0.1296801521172223,0.017661194249144502,0.1296801521172223
612,2,DETACHED,17,0.30721761149215326,0.004807929539183726,0.6096272934451228,0.010635999717837411,0.9903639490954524,0.009636050904547527,0.016257995874283653,1.6709472747631973,0.01652058716607914,-0.012866549718067385,-0.00013779267740980414,-0.014161911503768386,-0.09611066035234585,-0.08547466063450844,0.0,0.01652058716607914,0.13070215253996856,0.01652058716607914,0.13070215253996856
612,2,DETACHED,18,0.3056041170652754,0.004765230725700998,0.6064430034048498,0.009992859816594181,0.9913115801708686,0.008688419829131485,0.014641776080124829,1.6705640919687788,0.015068800600027594,-0.01127817434563944,-0.00011452945575610697,-0.013067321560708372,-0.09727684298417906,-0.08728398316758487,0.0,0.015068800600027594,0.13152855879789213,0.015068800600027594,0.13152855879789213
612,2,DETACHED,19,0.3039680543853385,0.004721763602092515,0.6032143451685845,0.009366936473866307,0.9922385456146916,0.007761454385308395,0.013066218836720978,1.6704093500532975,0.013615085181944871,-0.009790783589759605,-9.341027181965492e-05,-0.011941740253121984,-0.09869464526900242,-0.0893277087951361,0.0,0.013615085181944871,0.13217471188998114,0.01361508518194487,0.13217471188998112
612,2,DETACHED,20,0.30231276990437767,0.0046779227818947765,0.5999476170268605,0.008824880491801464,0.9930334808743008,0.00696651912569923,0.011718498000361295,1.6703981787675517,0.012427871246704459,-0.008411484586948825,-7.776776246692037e-05,-0.01108530536827896,-0.1003346615558395,-0.09150978106403804,0.0,0.01242787124670446,0.13267088267556545,0.012427871246704457,0.13267088267556545
612,2,DETACHED,21,0.30063850133623427,0.004633493920346959,0.5966435087521216,0.00838264060769732,0.9936670890805527,0.006332910919447397,0.010646259079289577,1.6704541408326292,0.011569223201291348,-0.007149170216894228,-6.734998419095652e-05,-0.010567567362291063,-0.10216232235069271,-0.09377968174299539,0.0,0.011569223201291348,0.13305665871988126,0.011569223201291348,0.13305665871988126
612,2,DETACHED,22,0.2989432615681297,0.004588051021502925,0.5932984721147565,0.008003792690691028,0.9941979255898936,0.005802074410106354,0.009748873485011113,1.6704904333446324,0.010881239190310364,-0.006022488684513454,-5.954617449362224e-05,-0.010203365033591138,-0.10414143445920704,-0.09613764176851601,0.0,0.010881239190310366,0.13337393930441802,0.010881239190310364,0.13337393930441802
612,2,DETACHED,23,0.29722577058317734,0.004541531500866405,0.5899100096654882,0.007646786937989858,0.9946952124124282,0.0053047875875717534,0.008908414248464239,1.6704075058338383,0.010178133994470215,-0.005064371097822872,-5.207344436601002e-05,-0.009764237483522892,-0.10624053947055201,-0.09859375253256215,0.0,0.010178133994470213,0.13365833349512837,0.010178133994470213,0.13365833349512837
612,2,DETACHED,24,0.2954885881961117,0.00449458555406011,0.5864825908381632,0.007317061440938693,0.9951502851240022,0.00484971487599777,0.008139041909928675,1.6701125910284234,0.00946062237862881,-0.004320451968875683,-4.4969778499264344e-05,-0.00922769462530496,-0.1084363769812014,-0.10111931554026271,0.0,0.00946062237862881,0.13393478906456566,0.00946062237862881,0.13393478906456566
612,2,DETACHED,25,0.2937382350903194,0.004448434922207807,0.5830280352584309,0.007072450228642572,0.9954647289587986,0.004535271041201421,0.007606354208609954,1.6695490218447215,0.008946015297732009,-0.00383578522115817,-4.0197903240109444e-05,-0.008823198104390952,-0.1107158373189246,-0.10364338709028204,0.0,0.008946015297732009,0.13421779732929254,0.008946015297732007,0.13421779732929254
612,2,DETACHED,26,0.29198108436141834,0.004404178574458866,0.5795579901483778,0.006949444359437925,0.9955746345868527,0.004425365413147297,0.007417543431694129,1.6687250434962426,0.008779942403324659,-0.003629405314881338,-3.8715022424053836e-05,-0.008709720148383662,-0.11308057901094534,-0.10613113465150742,0.0,0.00877994240332466,0.13451295055622922,0.00877994240332466,0.1345129505562292
612,2,DETACHED,27,0.29021679221164715,0.0043620961513875615,0.5760714882719067,0.006879645707422115,0.9955964523397163,0.004403547660283744,0.007376289075704592,1.6677024530558835,0.008691715137795302,-0.0036856688290778914,-3.79400267342467e-05,-0.008577846530189727,-0.11554515178309052,-0.10866550607566841,0.0,0.008691715137795302,0.1348245137063019,0.008691715137795302,0.13482451370630189
612,2,DETACHED,28,0.28844237438728365,0.004321770056525353,0.572562978718042,0.006741050502337047,0.9957425114389182,0.004257488561081785,0.007125579547149858,1.6665323633738574,0.008192550608145454,-0.003958973457119518,-3.370243044561508e-05,-0.007882333035554941,-0.11811726189905714,-0.11137621139672009,0.0,0.008192550608145454,0.1351647534382564,0.008192550608145454,0.1351647534382564
612,2,DETACHED,29,0.2866649108603986,0.0042828705630093234,0.5690469511577878,0.00647917971327191,0.9961111033337149,0.0038888966662850703,0.006501223367526094,1.6652385849664635,0.007068678002159423,-0.004376793375892509,-2.5080640367820975e-05,-0.00642421398482973,-0.12077820635432598,-0.11429902664105407,0.0,0.007068678002159422,0.13555299285904895,0.007068678002159423,0.13555299285904895
612,2,DETACHED,30,0.2849053905366971,0.004245717906289954,0.5655650631671043,0.006173097869115796,0.9965663396797232,0.003433660320276853,0.005732726476958646,1.6638344240955887,0.005660474692072383,-0.004856515104577825,-1.607568531257502e-05,-0.004665716866397621,-0.1234730836439375,-0.1172999857748217,0.0,0.005660474692072383,0.13601033891536685,0.005660474692072383,0.13601033891536685
612,2,DETACHED,31,0.2831906729441456,0.004210954673953013,0.5621703912143382,0.006009327670604994,0.99677687502195,0.0032231249780499327,0.005375172153864156,1.6623144739101439,0.004815406730594128,-0.005326442745885551,-1.1631560965206277e-05,-0.0035971521642763934,-0.12611652826547676,-0.12010720059487176,0.0,0.004815406730594128,0.1365516751988288,0.004815406730594128,0.13655167519882883
612,2,DETACHED,32,0.2815322792289167,0.0041787372287566335,0.5588858212290768,0.006079439433095929,0.9965735029186356,0.003426497081364474,0.005709722577296176,1.6606341970919694,0.005043307132753683,-0.005757490758713632,-1.2761199630932189e-05,-0.0037115086094215593,-0.12862321248931302,-0.1225437730562171,0.0,0.005043307132753683,0.1371792602650294,0.005043307132753683,0.1371792602650294
612,2,DETACHED,33,0.2799137251733884,0.004148376629496733,0.5556790737172801,0.006226683599737062,0.9962317474236442,0.0037682525763557636,0.006274112530751485,1.658718454612694,0.005635032363632195,-0.006177745069271757,-1.593684894167458e-05,-0.004213304322860812,-0.13093608291170966,-0.1247093993119726,0.0,0.005635032363632195,0.13788378866946868,0.005635032363632195,0.13788378866946868
612,2,DETACHED,34,0.2783145141632272,0.0041188671851165645,0.5525101611413379,0.006271049109974353,0.996075462997723,0.003924537002277064,0.006526625033837842,1.6565039515796622,0.005723848590317028,-0.006620882441799815,-1.644576334923187e-05,-0.004174051953882086,-0.13301421299011668,-0.1267431638801423,0.0,0.005723848590317028,0.13864875225385617,0.005723848590317029,0.13864875225385617
612,2,DETACHED,35,0.27673678604904,0.00408966882551802,0.549383903272562,0.006189929945859032,0.9961483892774498,0.003851610722550155,0.006395214499808875,1.6540048000620462,0.005187719041362734,-0.007070548247388008,-1.3508242919329642e-05,-0.003493658989802939,-0.1348174943789815,-0.12862756443312245,0.0,0.005187719041362734,0.1394550036340178,0.005187719041362734,0.1394550036340178
612,2,DETACHED,36,0.2752034763424121,0.004060744395802618,0.5463462082890216,0.0060831798285117715,0.9962705335706594,0.003729466429340599,0.006181684012312218,1.651343361307694,0.004523023838713401,-0.007455098331132635,-1.0267163363874984e-05,-0.0027427173609371794,-0.13631679180376854,-0.13023361197525676,0.0,0.004523023838713401,0.14028838441749786,0.004523023838713401,0.14028838441749786
612,2,DETACHED,37,0.2737381688120321,0.004031984101144069,0.5434443535229202,0.006036474890952254,0.996283936180483,0.0037160638195169703,0.006149550117156096,1.6487063446762333,0.004266680225328537,-0.007680224796558056,-9.136230889660605e-06,-0.0024494412676120134,-0.13751492577762212,-0.13147845088666987,0.0,0.004266680225328536,0.1411463025378694,0.004266680225328537,0.1411463025378694
612,2,DETACHED,38,0.27234857048903577,0.004002949897425325,0.5406941910806462,0.006017614068733549,0.9962461392757843,0.0037538607242156206,0.006203152813545968,1.6462696663111258,0.00435717271742377,-0.007673810243836866,-9.528244748462991e-06,-0.0025287238238479127,-0.13845575722105252,-0.13243814315231897,0.0,0.00435717271742377,0.14203761340533047,0.00435717271742377,0.14203761340533047
612,2,DETACHED,39,0.2710297301065878,0.003973278337562368,0.5380861818756133,0.0059432277987311495,0.9963117358743451,0.003688264125654924,0.006086487297882727,1.6441443775542788,0.004369675846052579,-0.007408991848357454,-9.582375832810361e-06,-0.002588489645679155,-0.13920496865829604,-0.13326174085956488,0.0,0.004369675846052578,0.14297491400509582,0.004369675846052579,0.14297491400509582
612,2,DETACHED,40,0.2697765593578595,0.003943100324500041,0.5356100183912189,0.005791391542152763,0.9965235918300623,0.003476408169937667,0.005729400711962084,1.6423511559692787,0.004171194832220677,-0.00689853814930764,-8.729781447718868e-06,-0.0025024199515467777,-0.13982257023088662,-0.13403117868873385,0.0,0.004171194832220677,0.14396585045324764,0.004171194832220677,0.14396585045324764
612,2,DETACHED,41,0.2685878262458482,0.00391291157143447,0.5332627409202619,0.005610871465524664,0.9967923671644914,0.00320763283550864,0.00528005953964093,1.6408121868017835,0.003985405291172687,-0.006179734490232247,-7.967283788543573e-06,-0.0024758842656610624,-0.14035125911746804,-0.13474038765194338,0.0,0.003985405291172687,0.14500978697732483,0.003985405291172687,0.14500978697732483
612,2,DETACHED,42,0.2674603945119181,0.0038831425394561777,0.53103764648438,0.0054496058034347655,0.9970284551260473,0.0029715448739526455,0.0048859398017262485,1.639356368148731,0.0040021744964102626,-0.005306633752327622,-8.032569490552686e-06,-0.0026951302065331014,-0.14082227421577126,-0.1353726684123365,0.0,0.004002174496410262,0.14609881476462572,0.0040021744964102626,0.14609881476462572
612,2,DETACHED,43,0.26638419801047136,0.0038539838749051397,0.5289144121460376,0.0052964830393193146,0.9972526987623808,0.0027473012376192482,0.00451179894294596,1.6377540294872073,0.0040839527529475915,-0.004345390211592234,-8.362308825539865e-06,-0.0030354643786280936,-0.14126730339137394,-0.13597082035205463,0.0,0.0040839527529475915,0.14721926295217133,0.0040839527529475915,0.14721926295217136
612,2,DETACHED,44,0.26534733664078614,0.0038256274264874164,0.5268690458550849,0.00512538141637846,0.9975150170251716,0.002484982974828271,0.004075042890764884,1.635792486200253,0.004050143965237533,-0.003357143217178966,-8.22226525875754e-06,-0.0033005590592192317,-0.1417224699896628,-0.13659708857328434,0.0,0.004050143965237533,0.1483521185565272,0.004050143965237534,0.1483521185565272
612,2,DETACHED,45,0.2643426697189519,0.0037984747378420475,0.5248868647000617,0.004977434537629147,0.9977375051478836,0.0022624948521163127,0.003703825986374313,1.633350058538399,0.004070467629122852,-0.002379740275976361,-8.303139169495897e-06,-0.0036616009765146704,-0.14222889653810947,-0.13725146200048033,0.0,0.004070467629122852,0.14947341670972045,0.004070467629122851,0.14947341670972045
612,2,DETACHED,46,0.26336047892584874,0.003772885283323704,0.5229480725683737,0.004933750808671511,0.9977640196338767,0.002235980366123391,0.0036537186432151754,1.6304029567066558,0.004491657081308543,-0.0014354834000551322,-1.0110097647874825e-05,-0.004511440181169246,-0.1428415409697878,-0.1379077901611163,0.0,0.004491657081308543,0.15055539887738265,0.004491657081308543,0.15055539887738265
612,2,DETACHED,47,0.2623730214288123,0.0037487722217080764,0.5209972706359165,0.004979752863959653,0.9976201368471334,0.0023798631528666445,0.0038811810660437586,1.626960937468677,0.005226283144541053,-0.0005622676740025304,-1.3689597121223348e-05,-0.005738572714572478,-0.14363524343255504,-0.13865549056859539,0.0,0.005226283144541054,0.15156963954566505,0.005226283144541053,0.15156963954566505
612,2,DETACHED,48,0.2613376871239672,0.0037256421774163866,0.5189497320705181,0.005015278179242667,0.997496941569456,0.002503058430543986,0.004072706372933992,1.6230193036401426,0.005819591625226959,0.0001721481691449701,-1.6976316053222474e-05,-0.006765252914421844,-0.14467916233064793,-0.13966388415140527,0.0,0.005819591625226959,0.1524951139620325,0.005819591625226958,0.1524951139620325
612,2,DETACHED,49,0.26021743507076084,0.0037028850967385767,0.5167319850447831,0.004988398944599973,0.9974942671907079,0.002505732809292071,0.0040659230862931245,1.6185823781273723,0.006030188210235286,0.0006931908750420986,-1.8227257562728673e-05,-0.007255995075774679,-0.14599681984468554,-0.14100842090008558,0.0,0.006030188210235286,0.15332831668005012,0.006030188210235286,0.1533283166800501
612,2,DETACHED,50,0.25899779943497653,0.0036799995505399827,0.5143155993194131,0.00492150240402326,0.9975687107321831,0.002431289267816841,0.003932866559612541,1.613672496846623,0.005958532451121564,0.000972935031282671,-1.779532005620439e-05,-0.007301498312241025,-0.147562944247413,-0.14264144184338975,0.0,0.0059585324511215645,0.15408404278078952,0.0059585324511215645,0.15408404278078952
612,2,DETACHED,51,0.2576881052511086,0.00365676269028404,0.5117194478119331,0.004861554708508743,0.997628654783147,0.002371345216852977,0.0038228698921687356,1.6082873639952802,0.005836443342108905,0.001051235258156377,-1.7072520282134346e-05,-0.007182436079647221,-0.14932367654593437,-0.14446212183742563,0.0,0.005836443342108905,0.15478565376434186,0.005836443342108904,0.15478565376434186
612,2,DETACHED,52,0.25630830881562267,0.003633117100475609,0.5089835005307697,0.004826711948995502,0.9976380846089047,0.0023619153910952417,0.003793685108275341,1.6023964106835027,0.005778321388261649,0.001005950291537812,-1.6734023380398125e-05,-0.0070682036689212755,-0.15121402267575973,-0.14638731072676422,0.0,0.005778321388261649,0.155456329313353,0.005778321388261649,0.155456329313353
612,2,DETACHED,53,0.25488015344895953,0.00360919369961519,0.5061511131983039,0.004800609722451169,0.9976292206150196,0.0023707793849804155,0.0037926972351895803,1.5959754040134684,0.0057445603044913,0.0009232185964671387,-1.6539197334052285e-05,-0.006959730901365541,-0.15317406966686126,-0.1483734599444101,0.0,0.0057445603044913,0.1561137222645789,0.0057445603044913,0.1561137222645789
612,2,DETACHED,54,0.2534251239509671,0.0035852685529227076,0.5032649793490115,0.004760754227015726,0.9976475217050133,0.0023524782949866773,0.0037470069285353838,1.5890442789764443,0.005664561031668967,0.0008818041552544442,-1.6081457119576862e-05,-0.006819882621209118,-0.15515850197150233,-0.1503977477444866,0.0,0.005664561031668967,0.15676845045348353,0.005664561031668967,0.15676845045348353
612,2,DETACHED,55,0.251962636157122,0.003561480506454229,0.5003637918077898,0.004694061181444109,0.9977202588449655,0.0022797411550344285,0.003614063514135198,1.5816814890770619,0.005502196632796335,0.0009387000030141975,-1.5171671376605573e-05,-0.006639825692294031,-0.15714059494007693,-0.15244653375863282,0.0,0.005502196632796335,0.15742607759573202,0.005502196632796336,0.15742607759573202
612,2,DETACHED,56,0.25050685223289015,0.0035378206716190595,0.4974758837941613,0.004612368566119162,0.9978245290761618,0.002175470923838309,0.003431680002032754,1.5740106863514753,0.005313591250641466,0.0011018745216364704,-1.4147904343980342e-05,-0.006489227612630698,-0.15911075422100762,-0.15449838565488846,0.0,0.005313591250641465,0.15809083980628683,0.005313591250641466,0.15809083980628683
612,2,DETACHED,57,0.24906266139180677,0.0035142163827758515,0.4946111064008377,0.004555766171424845,0.9978791358491179,0.002120864150882093,0.0033286697509877796,1.5661588193950502,0.005256656865096292,0.0013150499320895028,-1.3845585304201648e-05,-0.006514429834148338,-0.16107025557829643,-0.1565144894068716,0.0,0.005256656865096292,0.15876815533659758,0.005256656865096292,0.15876815533659758
612,2,DETACHED,58,0.2476226613900328,0.0034904828130372404,0.49175483996702835,0.004544522883867714,0.997841251249683,0.0021587487503169226,0.003371023073261537,1.5581923931263506,0.0053839517816595675,0.0014756505867683318,-1.4524823838928475e-05,-0.006713828272738943,-0.1630247341772983,-0.15848021129343057,0.0,0.0053839517816595675,0.1594640546812707,0.0053839517816595675,0.1594640546812707
612,2,DETACHED,59,0.24617252761838226,0.003466357472301571,0.48887869776446297,0.004542833188921453,0.9977823478571394,0.002217652142860583,0.0034452350144380185,1.5501054539560863,0.005498737046502588,0.0014918183192027385,-1.5151655654921028e-05,-0.006817144249588665,-0.1649766749684654,-0.16043384177954395,0.0,0.005498737046502588,0.16018315929026947,0.0054987370465025874,0.16018315929026947
612,2,DETACHED,60,0.24470610160407852,0.0034417400504474813,0.48597046315770953,0.004521074721783311,0.997763170108537,0.002236829891463068,0.0034566806345850717,1.541891335223752,0.005462053613141421,0.0013539440543697883,-1.4950456464326047e-05,-0.006668819517007925,-0.16691443056466718,-0.16239335584288386,0.0,0.005462053613141421,0.160927149874732,0.005462053613141421,0.160927149874732
612,2,DETACHED,61,0.24323189421142538,0.0034168134559915395,0.4830469749668592,0.0045003956854332335,0.9977407963126665,0.002259203687333457,0.0034725520326808704,1.533596483464305,0.005405401326476857,0.0011556668705406037,-1.4642261601539979e-05,-0.006466518194905272,-0.16881128890903566,-0.16431089322360243,0.0,0.005405401326476857,0.1616942892853462,0.005405401326476857,0.1616942892853462
612,2,DETACHED,62,0.24176202928595403,0.0033918211201207074,0.48013223745178735,0.0044990125182866126,0.9976775801668226,0.0023224198331773826,0.003550594264939136,1.5252833461864932,0.005468973377025592,0.0010386604438091934,-1.498964715314816e-05,-0.006439333098032982,-0.1706402452373145,-0.1661412327190279,0.0,0.005468973377025592,0.16248009894593968,0.005468973377025592,0.16248009894593968
612,2,DETACHED,63,0.24029981288223945,0.0033668623177243572,0.4772327634467545,0.004495888363212248,0.9976174144567105,0.002382585543289524,0.003622916217377065,1.5169588851709896,0.0056032477212033275,0.0011086422034977106,-1.5735684126097753e-05,-0.006588721465551824,-0.17238791373937393,-0.16789202537616169,0.0,0.0056032477212033275,0.16327830932805212,0.005603247721203328,0.16327830932805212
612,2,DETACHED,64,0.2388384310230898,0.0033419441437633913,0.4743349179024162,0.00447313221157096,0.9975982909919433,0.002401709008056697,0.0036318007718402646,1.5085417221891597,0.0057337872346177425,0.0013821134757924672,-1.6477732745098946e-05,-0.006844358734047199,-0.17405886570000917,-0.1695857334884382,0.0,0.005733787234617743,0.16408102906935212,0.005733787234617744,0.16408102906935215
612,2,DETACHED,65,0.23736427405418073,0.0033170899518057753,0.47141145815655566,0.004440610893129358,0.9975997982081422,0.002400201791857795,0.003608659600271743,1.499873094522819,0.005869649032439613,0.0017817953985758144,-1.7267836173334386e-05,-0.007177059004141539,-0.1756793894110542,-0.17123877851792485,0.0,0.005869649032439613,0.1648784233751801,0.005869649032439614,0.1648784233751801
612,2,DETACHED,66,0.23585949869566578,0.0032924008495953195,0.46842659654173624,0.004421905782801992,0.9975716579351344,0.0024283420648656406,0.0036288846643644456,1.4907588776154241,0.006060377152890747,0.0021710132944173684,-1.840878845300372e-05,-0.00756239653520813,-0.17730193275416328,-0.1728800269713613,0.0,0.0060603771528907465,0.16565891795717816,0.006060377152890747,0.16565891795717816
612,2,DETACHED,67,0.2343046291996594,0.0032679921188767825,0.465341266280442,0.004437829748380325,0.9974682854540198,0.0025317145459802233,0.0037590631720013285,1.4810304356954167,0.006348511707101357,0.0024126602894086456,-2.0202948546307866e-05,-0.007959744308298062,-0.17900124514498555,-0.17456341539660522,0.0,0.006348511707101357,0.16641099843828697,0.006348511707101357,0.16641099843828697
612,2,DETACHED,68,0.23268239291473103,0.003243775366588845,0.46212101046287324,0.004473129278056967,0.9973209524956926,0.002679047504307273,0.003950352847648916,1.470585966981576,0.006636840036735792,0.0024335155967799105,-2.2082984200319102e-05,-0.008220766074957794,-0.18085531603880212,-0.17638218676074516,0.0,0.006636840036735792,0.16712612734222926,0.006636840036735792,0.16712612734222926
612,2,DETACHED,69,0.23098718783107816,0.0032195271149885792,0.45875484854716775,0.004476356075433083,0.997240984614556,0.002759015385443878,0.0040376623228911826,1.459405544334542,0.006697934154133616,0.0022600390535046644,-2.2493220106897904e-05,-0.008130132613575843,-0.18291255707391635,-0.17843620099848326,0.0,0.006697934154133615,0.16780044481607273,0.006697934154133615,0.16780044481607273
612,2,DETACHED,70,0.22923455138017812,0.0031952211052461016,0.4552738816551101,0.004436042499266021,0.9972552975791631,0.0027447024208369104,0.003984056963393077,1.44756017353219,0.006519655666115496,0.00199741309766653,-2.1311448586883917e-05,-0.007743263838371057,-0.1851660905809574,-0.18073004808169138,0.0,0.006519655666115496,0.16843434240635038,0.006519655666115496,0.16843434240635038
612,2,DETACHED,71,0.22745293844181796,0.0031709811830283427,0.4517348957006076,0.004395674554458065,0.9972697461124423,0.002730253887557702,0.003929097010222014,1.4351667424381434,0.006350729421590786,0.0017673948322839885,-2.022109080491018e-05,-0.007386083098362855,-0.18756474596415343,-0.18316907140969535,0.0,0.006350729421590786,0.16903089572995136,0.006350729421590786,0.16903089572995134
612,2,DETACHED,72,0.22566393735858686,0.0031467415836559246,0.4481811331335178,0.00436151099391628,0.9972703920566007,0.0027296079433992517,0.0038929975059706677,1.422318233811966,0.0062585625551236914,0.001657507845584229,-1.963840778207586e-05,-0.0071749507747287415,-0.1900527139476428,-0.18569120295372654,0.0,0.0062585625551236914,0.1695953167696593,0.0062585625551236914,0.1695953167696593
612,2,DETACHED,73,0.2238771873747139,0.003122406744368579,0.4446319680050592,0.004310665703141701,0.9973086450146625,0.002691354985337478,0.0038026278413059856,1.4091019730094665,0.006160113894287512,0.0017105295613598027,-1.902470382678582e-05,-0.00704979525133801,-0.19259717015417963,-0.18828650445103792,0.0,0.006160113894287512,0.17013674797943318,0.006160113894287513,0.17013674797943315
612,2,DETACHED,74,0.22209488690651952,0.0030980353009147383,0.4410917385121243,0.004248942441899776,0.9973723203494776,0.002627679650522387,0.00367687527342759,1.3956090965521795,0.006076572330767807,0.0019131401907598487,-1.851100664098766e-05,-0.007026109762602187,-0.19518991833947807,-0.1909409758975783,0.0,0.006076572330767806,0.170668193062432,0.006076572330767807,0.170668193062432
612,2,DETACHED,75,0.2203117485251467,0.003073606767962097,0.4375498902823313,0.0041848200642130295,0.997442407472135,0.0025575925278650603,0.003543227431268834,1.3818328215934477,0.006001179514326357,0.00216254119656265,-1.8053250640527052e-05,-0.007040635904819639,-0.19783150082757384,-0.1936466807633608,0.0,0.006001179514326357,0.17119956599579475,0.006001179514326356,0.17119956599579472
612,2,DETACHED,76,0.2185196549917086,0.0030490664966791254,0.4339902434867381,0.0041376455142546386,0.9974739498667108,0.0025260501332891316,0.0034634974178999055,1.3676484105592144,0.005951790528123852,0.0022926098333997196,-1.775675971056606e-05,-0.007011699812255901,-0.20051161974350634,-0.1963739742292517,0.0,0.005951790528123852,0.1717301364371197,0.005951790528123852,0.1717301364371197
612,2,DETACHED,77,0.21671422824423414,0.0030244255849995153,0.4304040309034688,0.004110205372801311,0.9974594487563517,0.0025405512436483917,0.003446058535148891,1.3529755227119722,0.0058981258467882694,0.0022015290800615683,-1.7438247012410348e-05,-0.006846523680938283,-0.2032164194055475,-0.19910621403274617,0.0,0.0058981258467882694,0.17225347071471936,0.0058981258467882694,0.17225347071471936
612,2,DETACHED,78,0.21490009293816154,0.0029998026730219296,0.42680038320330116,0.004106523922650113,0.9973885801471923,0.002611419852807662,0.003503166188426112,1.3379763299790288,0.005884407774773847,0.0019599805441874755,-1.7358457650832953e-05,-0.006629775526633634,-0.2059536154468435,-0.2018470915241934,0.0,0.005884407774773847,0.17277322638206316,0.005884407774773847,0.17277322638206313
612,2,DETACHED,79,0.21308440104168025,0.0029751944428059378,0.4231936076405546,0.004113955930262836,0.9972900723726236,0.0027099276273765136,0.0035949252235956525,1.322981174919679,0.005922684390705065,0.0017337320492632675,-1.7586754026563173e-05,-0.00647216369129767,-0.20876696323562866,-0.2046530073053658,0.0,0.005922684390705065,0.17331102613420157,0.005922684390705065,0.17331102613420155
612,2,DETACHED,80,0.21126932833277812,0.0029505356276931047,0.41958812103786314,0.00410591413076107,0.9972268980439426,0.002773101956057378,0.0036380614989585365,1.3082724115407358,0.005941819081621158,0.0016237800032250873,-1.7701695606069373e-05,-0.0063656537981950055,-0.21172310718449622,-0.20761719305373516,0.0,0.005941819081621157,0.17390105656751978,0.005941819081621158,0.17390105656751978
612,2,DETACHED,81,0.20945299658255548,0.002925809159525952,0.415980184005585,0.004088532106943972,0.9971850608098478,0.002814939190152275,0.0036528967040952774,1.2940293824991274,0.005973933482369731,0.0016299532461905048,-1.789431202609213e-05,-0.0063390146004979235,-0.21488768593457835,-0.2107991538276344,0.0,0.005973933482369731,0.17458627490037076,0.00597393348236973,0.17458627490037076
612,2,DETACHED,82,0.2076301260985037,0.0029010583648439135,0.4123591938321635,0.004049624985096442,0.9971949107350335,0.0028050892649663824,0.003601672312899928,1.2803761168727472,0.005947239704841479,0.0017107909810873596,-1.7734577125334474e-05,-0.0063045516142009195,-0.21830786550068415,-0.2142582405155877,0.0,0.005947239704841479,0.17541945416016028,0.005947239704841479,0.17541945416016028
612,2,DETACHED,83,0.20579606656061308,0.0028763105269970185,0.4087158225942292,0.003966127544927854,0.9973146601414445,0.0026853398585554543,0.0034123269341948576,1.267312093039401,0.005732248069749579,0.0018101485414655136,-1.6473571103671322e-05,-0.00611815815947105,-0.22198187855704213,-0.21801575101211426,0.0,0.005732248069749579,0.1764453676440899,0.005732248069749579,0.1764453676440899
612,2,DETACHED,84,0.20395057050841112,0.0028517149943430454,0.4050494260224792,0.0038831297291413106,0.9974355529469283,0.002564447053071646,0.0032247058408362804,1.254241630605373,0.005501422444475394,0.0018716201528361613,-1.5171731558574189e-05,-0.005901008733310754,-0.2258490263718874,-0.22196589664274607,0.0,0.005501422444475394,0.17765193260886808,0.005501422444475394,0.17765193260886805
612,2,DETACHED,85,0.20209728754733075,0.0028274085336113487,0.40136716656105015,0.003827040237993919,0.9974917641609203,0.0025082358390796913,0.003118012051335508,1.2399915882323256,0.005367419765164259,0.0018910519842816197,-1.4440818446110154e-05,-0.005742919881498557,-0.22981960398067705,-0.22599256374268314,0.0,0.005367419765164259,0.17894232765746243,0.00536741976516426,0.17894232765746243
612,2,DETACHED,86,0.2002526212954246,0.002803369418848419,0.3977018731720008,0.0037793274574824125,0.9975285851190663,0.0024714148809337005,0.003034092224550464,1.224640082580201,0.005265788129108179,0.0019080758546933998,-1.3898611545726736e-05,-0.0056098481955770985,-0.23377890995455552,-0.2299995824970731,0.0,0.005265788129108179,0.1802062811197537,0.005265788129108179,0.1802062811197537
612,2,DETACHED,87,0.19843151123197922,0.0027794946464948815,0.39408352781746353,0.0037357543301497187,0.9975562232877957,0.0024437767122043133,0.0029609645369537336,1.2086736836559704,0.005170805371121344,0.001905034274377082,-1.3401364034347584e-05,-0.005470472824397298,-0.2375900920943345,-0.23385433776418477,0.0,0.005170805371121345,0.1813193090425027,0.005170805371121345,0.18131930904250268
612,2,DETACHED,88,0.19663601480795054,0.0027556546145817828,0.3905163750013193,0.0037137940568340985,0.9975290446095295,0.002470955390470454,0.002952693204221835,1.1920074487753793,0.005134613729539344,0.0018284133508646074,-1.3214782213130395e-05,-0.005334830862032347,-0.24111155373363188,-0.2373977596767978,0.0,0.005134613729539344,0.18211077463486444,0.005134613729539344,0.18211077463486444
612,2,DETACHED,89,0.1948550854654171,0.002731732005890117,0.3869784389249441,0.0037124450951684504,0.9974476994295102,0.0025523005704898116,0.003005528048420879,1.1745705314374288,0.005153098798583129,0.0016851637321134796,-1.3311187766108781e-05,-0.005202057221431181,-0.2442444751065626,-0.24053203001139417,0.0,0.005153098798583129,0.18244373125181215,0.005153098798583129,0.18244373125181215
612,2,DETACHED,90,0.19307280441368815,0.002707754511448954,0.38343785431592736,0.0036995822839413555,0.9973949320712973,0.00260506792870264,0.0030204462910744774,1.1564296616294132,0.005115088682235187,0.0015419579807982018,-1.3116234796178105e-05,-0.005021775428359098,-0.24696674363584445,-0.2432671613519031,0.0,0.005115088682235187,0.1822761837357416,0.005115088682235187,0.1822761837357416
612,2,DETACHED,91,0.1912894733570081,0.002683809600575076,0.37989513711344114,0.003687129288884049,0.9973401655381763,0.0026598344618236625,0.00303433496396965,1.1377640897204067,0.00511628492878303,0.001481442535847229,-1.312309098589612e-05,-0.004920676803049065,-0.24932397633956582,-0.24563684705068178,0.0,0.00511628492878303,0.1816543438255164,0.00511628492878303,0.1816543438255164
612,2,DETACHED,92,0.18951427578012908,0.0026599242066965667,0.3763686273535616,0.003664940795241775,0.997310695255202,0.002689304744798098,0.003017378674232301,1.118974719866773,0.0051322989951797975,0.0015341034598795988,-1.3205760803148355e-05,-0.004897268155807514,-0.2514450147194378,-0.24778007392419604,0.0,0.0051322989951797975,0.18072735648444943,0.005132298995179797,0.18072735648444943
612,2,DETACHED,93,0.18775639639714825,0.002636146953857162,0.37287664584043934,0.0036082402623398846,0.9973744274021722,0.002625572597827849,0.0028975109815667748,1.1006754711419906,0.005017775253336485,0.0016181795833510924,-1.2622174682469299e-05,-0.004794776673443724,-0.2535400963399399,-0.24993185607760002,0.0,0.005017775253336485,0.17974725275607784,0.005017775253336484,0.17974725275607784
612,2,DETACHED,94,0.1860246294965576,0.002612428452370104,0.3694368305407451,0.003570864404357742,0.9973872077579049,0.002612792242094987,0.002838663668685602,1.0836096282971184,0.0049510313041419745,0.0016271883790056163,-1.2288462687273472e-05,-0.004690903199203282,-0.25585020220343435,-0.25227933779907663,0.0,0.0049510313041419745,0.17902218799911432,0.0049510313041419745,0.17902218799911432
612,2,DETACHED,95,0.18431229570467708,0.002588704565512568,0.3660358868438416,0.0035365238882634708,0.997392140126636,0.0026078598733641004,0.0027977202835632476,1.070005428435555,0.004844693388055011,0.00151825074677658,-1.176621164333814e-05,-0.004500060425790176,-0.2587181144549112,-0.25518159056664774,0.0,0.004844693388055011,0.1792035987177198,0.004844693388055011,0.1792035987177198
612,2,DETACHED,96,0.1826219347409644,0.002565044904394646,0.36267882457753414,0.0034617784432140627,0.9975098605234342,0.002490139476565838,0.0026724007307960705,1.0705207902311775,0.004575386476935656,0.0013530440854965205,-1.0493210263776572e-05,-0.004203411417378931,-0.26275417811684276,-0.2592923996736287,0.0,0.004575386476935656,0.18211391772797916,0.004575386476935656,0.18211391772797916
612,2,DETACHED,97,0.18095912338765582,0.0025415388936053575,0.3593767078817063,0.0034658834766047473,0.9974096034714834,0.0025903965285165413,0.002744247164464455,1.0566484497660014,0.004629985682916306,0.001248780311148176,-1.0746220684761464e-05,-0.004137738602569527,-0.2662483828702069,-0.26278249939360215,0.0,0.004629985682916306,0.18266761898076708,0.004629985682916306,0.18266761898076708
612,2,DETACHED,98,0.17932898056281174,0.0025181101718982283,0.35613985095372525,0.003389582804952913,0.9975355795966393,0.00246442040336076,0.002547139275031432,1.0310181045274738,0.004333522768038704,0.0011933749693306028,-9.412907150992764e-06,-0.0038101087694900008,-0.2692721129372809,-0.265882530132328,0.0,0.004333522768038704,0.1812112244724407,0.004333522768038704,0.1812112244724407
612,2,DETACHED,99,0.17773338342073772,0.0024945966092485223,0.35297217023222693,0.003354114845866429,0.9975475799272038,0.0024524200727962186,0.002514773784593004,1.0229106060222566,0.004330583820312597,0.0012605724043399204,-9.400030936931261e-06,-0.003823561149409902,-0.27357841460136756,-0.2702242997555011,0.0,0.004330583820312597,0.18331795077530508,0.004330583820312597,0.18331795077530508
612,2,DETACHED,100,0.17620590217406032,0.0024710105147141767,0.3499407938334065,0.0032724749245368646,0.9976934270307827,0.0023065729692172995,0.0023907025943852235,1.034083159837321,0.004152618381953098,0.0012745217718643535,-8.642053239468076e-06,-0.0037380650116580387,-0.2781115278218209,-0.27483905289728405,0.0,0.004152618381953098,0.18634660361284436,0.004152618381953098,0.18634660361284436
612,2,JOINT,1,0.3370661892000814,0.0052495560168995285,0.6688828223832632,0.016454314347003864,0.9831160387853152,0.016883961214684898,0.029837658073073533,1.737381402293051,0.04980062130508675,0.022867453351494642,-0.0012613474831704198,-0.0734454980924613,-0.06703449728453162,-0.05058018293752775,1.7970083848613063,1.8329330323373383,0.1245806278324935,1.8329330323373383,0.1245806278324935
612,2,JOINT,2,0.33518302419806584,0.005174261450874134,0.6651917869452575,0.013339775100074782,0.9876283381368027,0.012371661863197199,0.02162650790539558,1.7264416291433047,0.03586105756917388,0.015288399079399861,-0.0006510624494664253,-0.05197424017080513,-0.07356122517300684,-0.06022145007293206,1.7490744322389054,1.7731582476160583,0.12007016765646733,1.7731582476160583,0.12007016765646734
612,2,JOINT,3,0.33326326554026764,0.005128131475123065,0.6613983996054122,0.010577162443877852,0.9916969711514144,0.008303028848585583,0.014407085378727539,1.7207531364458395,0.02318575422026123,0.007852478369431194,-0.00027104005275835547,-0.03237247566916124,-0.08031120171793368,-0.06973403927405583,1.7387442430468119,1.7516605089221067,0.11791649435685587,1.751660508922107,0.11791649435685587
612,2,JOINT,4,0.33129755939872946,0.005114016861786953,0.657481101935672,0.009290673531501491,0.9935976894523403,0.006402310547659689,0.01105190109363985,1.7151844336433217,0.01551132722651861,-4.478220866849071e-05,-0.00012107580104214722,-0.018790190708266038,-0.08733091960686215,-0.07804024607536066,1.729909822540609,1.733322938780743,0.11707712745861872,1.733322938780743,0.11707712745861873
612,2,JOINT,5,0.3292880530968063,0.005135508898649315,0.6534405972949633,0.010955263271519508,0.9910231240244214,0.008976875975578542,0.015484593244057005,1.7094577236802952,0.01790869559041102,-0.008444691950434978,-0.00016181326649957343,-0.017863752302166417,-0.09461450884447847,-0.08365924557295897,1.719920381164118,1.7175424000950585,0.11765641513943702,1.7175424000950585,0.11765641513943702
612,2,JOINT,6,0.3272370106411277,0.005196390620992409,0.649277630661263,0.014269951630792466,0.9859123966889134,0.014087603311086567,0.024338791628494966,1.7033356105418862,0.025873393926369115,-0.017358000494237465,-0.00033949898364058265,-0.023759631020496177,-0.10214785489117553,-0.08787790326038307,1.707743510812114,1.7013721453821675,0.11977253884518732,1.7013721453821677,0.1197725388451873
612,2,JOINT,7,0.3251471840037877,0.005300639087617388,0.6449937289199581,0.018177694750925826,0.9798699472169015,0.020130052783098575,0.03485776232453548,1.6967702020990088,0.03573209017414121,-0.02678077011735156,-0.0006515059839519363,-0.03171333632281779,-0.10991137095210408,-0.09173367620117825,1.692634857036292,1.6825335486501773,0.12348877140115562,1.6825335486501773,0.1234887714011556
612,2,JOINT,8,0.323021672454989,0.005452418937266102,0.6405909259727118,0.022400731152970477,0.9733155649862707,0.026684435013729257,0.04632774506449145,1.6898058864197663,0.046478215597385616,-0.03669793234242889,-0.0011097246375318835,-0.04047723933457116,-0.11788052854629794,-0.09547979739332746,1.6739484122358197,1.659980379364222,0.1287933157373051,1.659980379364222,0.1287933157373051
612,2,JOINT,9,0.3208646501781701,0.005655995421222559,0.6360733049351177,0.026853912400762313,0.9663747859399909,0.03362521406000912,0.058537966678517975,1.6823570228388245,0.05780259686630553,-0.04707099546173767,-0.0017286979405400737,-0.04968206594203207,-0.12602625756713012,-0.0991723451663678,1.651282680874205,1.6331952399198144,0.13560166578858973,1.6331952399198144,0.13560166578858973
612,2,JOINT,10,0.31867942502661495,0.0059154881414029345,0.6314433619118269,0.03149903495135954,0.9591008684301315,0.0408991315698684,0.07139599212059373,1.6742643527360503,0.06956614982465997,-0.05784962824033874,-0.0025229094043822055,-0.05916322689101307,-0.13431426290160253,-0.10281522795024299,1.624477169558737,1.6019821687839426,0.1437697284691536,1.6019821687839428,0.1437697284691536
612,2,JOINT,11,0.31646669854082,0.006234538402139389,0.6266988586795006,0.036308231983994195,0.9515303417150383,0.048469658284961824,0.08483623332078091,1.6654594428321945,0.0816710568681113,-0.06897874259458725,-0.0035049652320765573,-0.06880759805174604,-0.1427045915907988,-0.1063963596068046,1.5934074555404643,1.5662165061544595,0.15311035788855737,1.5662165061544595,0.15311035788855737
612,2,JOINT,12,0.3142282308820694,0.006616190213966089,0.6218402715501727,0.041258755934134465,0.943691141535084,0.05630885846491592,0.09880233767242576,1.6558476475334727,0.0940354679069206,-0.08039712462251444,-0.004685150064082034,-0.07851934371909752,-0.15115208944030578,-0.10989333350617131,1.5579673051058558,1.5258171662215583,0.1634128619050878,1.5258171662215583,0.1634128619050878
612,2,JOINT,13,0.31196783022717106,0.0070628089437116005,0.6168728515106305,0.04633180550413819,0.9356045426947568,0.06439545730524325,0.11324117254434118,1.6452861721340666,0.10658460298234407,-0.09203591092207647,-0.006071089372965039,-0.08820713500841097,-0.1596082811489051,-0.11327647564476691,1.5181280624240305,1.4808032315287414,0.1744595917630909,1.4808032315287416,0.1744595917630909
612,2,JOINT,14,0.3096885321804635,0.0075758866556302935,0.6118011777052967,0.051508858991954024,0.9272904113960492,0.07270958860395088,0.12809634777738155,1.6336568162395728,0.11924064621356453,-0.10382406530130911,-0.007666601279755798,-0.0977748051008493,-0.16802534198086472,-0.1165164829889107,1.4740448779441357,1.43140446606232,0.18603866368329355,1.4314044660623202,0.18603866368329355
612,2,JOINT,15,0.3073911348985625,0.0081560100824167,0.6066262597147083,0.05677189958544833,0.918766405626843,0.08123359437315707,0.14331048754976286,1.6208671123167102,0.13191832341524742,-0.11570311609261864,-0.009470548741285726,-0.10711359128557965,-0.17636072188350735,-0.11958882229805902,1.4260957931563263,1.3781116536980471,0.1979553963755154,1.3781116536980471,0.1979553963755154
612,2,JOINT,16,0.30507449577020934,0.008802769293312702,0.601346222247106,0.06210211099452258,0.9100499019345908,0.08995009806540917,0.1588215612953933,1.6068414531006858,0.14451732148920438,-0.12763271098158904,-0.011474786254037292,-0.11609357109998303,-0.18458090039527186,-0.12247878940074929,1.3748749755837506,1.321679977998156,0.2100412140672497,1.3216799779981563,0.21004121406724974
612,2,JOINT,17,0.3027363571049853,0.009514714913617309,0.5959579992963533,0.06747599454229646,0.9011647312328138,0.09883526876718625,0.1745588269769614,1.591600451530669,0.1569211035342747,-0.13959336598290342,-0.013662448096880159,-0.1245720937554121,-0.19266271296645351,-0.12518671842415707,1.3211804113663885,1.2631140071744265,0.22215671680637725,1.2631140071744265,0.22215671680637727
612,2,JOINT,18,0.3003759022672522,0.010289472591284314,0.5904623319432201,0.07286640765273841,0.8921408782697045,0.10785912173029558,0.1904473328471985,1.5752571323107583,0.16900919218553306,-0.15158081613290197,-0.016008742418913795,-0.1324139608452946,-0.20059245415188065,-0.12772604649914224,1.2659764574947898,1.2036221296019738,0.23419080478215837,1.203622129601974,0.2341908047821584
612,2,JOINT,19,0.2979979883022548,0.01112372528138478,0.5848722513231248,0.07824352861689737,0.8830152927824173,0.11698470721758271,0.2064121198372426,1.558024657812093,0.18067741903361054,-0.16358667506678304,-0.0184845777958065,-0.13952391951509915,-0.2083637179826859,-0.13012018936578854,1.2102840181194683,1.1444933744075765,0.2460578761902127,1.1444933744075765,0.24605787619021272
612,2,JOINT,20,0.2956152013194891,0.012012672815005572,0.5792177298239726,0.08357171109755354,0.8738392096503881,0.12616079034961195,0.22237021589568914,1.5402234970912487,0.19184291744729176,-0.17558089233684118,-0.021058625298705183,-0.14586031394024798,-0.21597558230630476,-0.13240387120875122,1.1550813207904789,1.086988439968066,0.2576944894315881,1.086988439968066,0.2576944894315881
612,2,JOINT,21,0.2932448976029228,0.012948735636412637,0.573541059569433,0.08880031408419467,0.8646938689498631,0.13530613105013686,0.2382071969451611,1.5222983699230164,0.20243450888781084,-0.18749295272034558,-0.023696091680641518,-0.1514333832125626,-0.22343501819274345,-0.13463470410854878,1.1013218738831834,1.0323584062542894,0.269061725108973,1.0323584062542894,0.269061725108973
612,2,JOINT,22,0.2908996864930343,0.01392031784047654,0.5678790551455921,0.09385679380019504,0.855699584505894,0.14430041549410602,0.2537583305811141,1.504783595387761,0.21236192869597398,-0.19923722410868977,-0.026351297567542103,-0.15626285137521306,-0.230761263419155,-0.13690446961895997,1.0499646721616729,0.9818957924556849,0.2801474695566678,0.9818957924556849,0.2801474695566678
612,2,JOINT,23,0.2885795552633194,0.014911381766283403,0.5622477287603554,0.09864791836722486,0.8470108242202151,0.15298917577978494,0.26880909647652357,1.4882374076725784,0.22148664791767272,-0.21076708395454102,-0.028958505489566758,-0.16032616345492176,-0.23798080696323293,-0.13933288859600806,1.0018526819555083,0.9367889761360004,0.290950653069363,0.9367889761360005,0.290950653069363
612,2,JOINT,24,0.2862713429846606,0.01590322129245396,0.5566394646768673,0.10307243242336879,0.838795323602998,0.16120467639700195,0.2831271519439669,1.4731938076707782,0.22964892206574777,-0.22208743653817445,-0.03143712531647416,-0.16357660517266703,-0.2451203761898676,-0.14204794376649882,0.9575452107159563,0.8978474208386843,0.30146751926774756,0.8978474208386844,0.30146751926774756
612,2,JOINT,25,0.28395048203657963,0.016876846849751548,0.5510241172234077,0.107032841576559,0.8312150979190814,0.16878490208091848,0.2964922069380462,1.4601353307305927,0.2367066079631039,-0.2332345252681305,-0.033703681750769314,-0.1659805396176276,-0.25221059683402,-0.14517775525746096,0.9172182694909828,0.8653287119817821,0.3117042618795213,0.8653287119817821,0.3117042618795213
612,2,JOINT,26,0.28158320453166225,0.0178137406103425,0.545352668452982,0.11044133036949728,0.8244156310171202,0.1755843689828797,0.3087027747869337,1.4494421932143673,0.24254047844960527,-0.24425492493762913,-0.035677321895260024,-0.16751458010564496,-0.2592814559594231,-0.14884012558992582,0.8807404355317122,0.8389922142169769,0.3216723352905155,0.8389922142169769,0.3216723352905155
612,2,JOINT,27,0.2791291552029992,0.018696506880069103,0.5395618035259293,0.11322571731121066,0.8185150536235234,0.18148494637647666,0.3195859928042978,1.4413644286226182,0.24705672104222046,-0.25519464732036756,-0.037285217383556855,-0.16816001721023435,-0.2663574355234718,-0.15313171821226113,0.847788941442624,0.8182277688525466,0.33138152601872267,0.8182277688525466,0.3313815260187226
612,2,JOINT,28,0.27654470975500367,0.019510164783370386,0.5335792547266369,0.11533541445988056,0.8135946090688206,0.1864053909311793,0.32901076078610275,1.4360173810640071,0.25019682120472103,-0.2660854367030657,-0.03847029506045563,-0.16790943928241442,-0.2734548124224571,-0.15811939796257657,0.8180060147835522,0.8022337227526263,0.3408356705314268,0.8022337227526262,0.3408356705314268
612,2,JOINT,29,0.27378323835697915,0.020242609976616463,0.5273238667373419,0.11673770211062302,0.8097048730406153,0.19029512695938464,0.3368791271066822,1.433419106429185,0.2519258999921199,-0.2769392498329543,-0.03919122954546927,-0.16675849797348066,-0.2805821182210778,-0.1638444161104548,0.7911383655097003,0.790172919382927,0.35003103253784146,0.790172919382927,0.35003103253784146
612,2,JOINT,30,0.2707914609473344,0.02088521790544821,0.5206977039892207,0.11741461399818218,0.8068687782310526,0.19313122176894737,0.3431343581039463,1.4335558888746354,0.2522233011479426,-0.28778253492449424,-0.03942189570244387,-0.16469784910819213,-0.28774487769774315,-0.17033026369956097,0.7671297789035973,0.7813015499768597,0.3589602977330092,0.7813015499768597,0.35896029773300925
612,2,JOINT,31,0.2675090288338175,0.02143378865072893,0.513584269016906,0.11736682958544489,0.8050737634892922,0.19492623651070792,0.3477791515345564,1.436378577871212,0.25109248866856604,-0.29866493966352275,-0.0391563113375589,-0.16172127209338127,-0.29495247092827065,-0.17758564134282576,0.7460964580404337,0.77498648226891,0.3676238790002576,0.77498648226891,0.3676238790002576
612,2,JOINT,32,0.26387962017395533,0.021888145289524874,0.5058710950583858,0.11662334285593137,0.8042592252234302,0.19574077477656981,0.350867391804934,1.4416430966481486,0.24855516999851202,-0.3096078209783748,-0.03840781093672025,-0.15780992131942917,-0.3022191042890754,-0.18559576143314402,0.7281414588068152,0.7705667714210175,0.37603714340575717,0.7705667714210175,0.37603714340575717
612,2,JOINT,33,0.2598756056001397,0.022247769806219644,0.4975034413940598,0.11524832497603874,0.8043146863264101,0.19568531367358985,0.3524365211730332,1.4486006366839432,0.2445916359269139,-0.3204892865137067,-0.03719008827169765,-0.15286039417652564,-0.3095539585106185,-0.19430563353457977,0.7130999531293128,0.767215410757046,0.38422410546233116,0.767215410757046,0.38422410546233116
612,2,JOINT,34,0.25553178063822407,0.022512755987154215,0.48855080528929395,0.11336353076633647,0.80505717308871,0.19494282691128997,0.3525318791907688,1.4558541218555316,0.23924125812577918,-0.3308839781685651,-0.035548021620632635,-0.14680298961615934,-0.3169519787571118,-0.2035884479907753,0.7004117164369308,0.7640164038961282,0.3922149135880526,0.7640164038961282,0.3922149135880526
612,2,JOINT,35,0.25095983298131436,0.022690923555484337,0.4792287424071444,0.11113970603422332,0.8062618717958213,0.19373812820417863,0.3512933454344917,1.461944702701636,0.23279467679690657,-0.3401012479436753,-0.03360779136452837,-0.1398624061440874,-0.3243983225714266,-0.21325861653720327,0.6893440711440668,0.7603619622505717,0.40005764867544175,0.7603619622505717,0.40005764867544175
612,2,JOINT,36,0.2463181976229517,0.022794024872223942,0.4698423703736795,0.1087119813029597,0.8078105929810313,0.19218940701896867,0.3488913201682539,1.4664601374374149,0.22583744832922575,-0.3473785750926639,-0.03156838590073633,-0.13268825233125853,-0.3318776773605116,-0.2231656960575519,0.6794259811013623,0.7563459051593466,0.4078200310620081,0.7563459051593466,0.4078200310620081
612,2,JOINT,37,0.24174834522372388,0.022835540942545078,0.46066114950490267,0.10615704945873566,0.809692473700237,0.19030752629976297,0.34551457780162254,1.4700446095811461,0.21905964707471,-0.35221105371870015,-0.02963293505570006,-0.12607785385458056,-0.3393762264043029,-0.23321917694556726,0.6706490756010508,0.7525217805205029,0.41556120475501657,0.7525217805205029,0.4155612047550165
612,2,JOINT,38,0.23730635890343935,0.022829113722380678,0.451783604084498,0.10352903912414686,0.8118683281910851,0.18813167180891482,0.34136716694520575,1.4731447845136219,0.21282294806338736,-0.3546111748622233,-0.027894675558602876,-0.12037741116869448,-0.3468780189673327,-0.24334897984318588,0.663717879738577,0.7496062268317611,0.42329096217001666,0.749606226831761,0.42329096217001666
612,2,JOINT,39,0.2329590931799709,0.022787197088859824,0.44313098927108197,0.10087059044864607,0.8142392136816986,0.18576078631830137,0.33665078283469313,1.4756304284315078,0.2070720552672703,-0.35502740350127004,-0.026330613505292054,-0.11541412189959863,-0.35438018556533746,-0.25350959511669136,0.6599622789606882,0.7484682560831836,0.43099884181403897,0.7484682560831836,0.43099884181403897
612,2,JOINT,40,0.2286577755404666,0.022721318333399708,0.4345942327475335,0.09821263235067511,0.8167121182885804,0.18328788171141958,0.3315566508047191,1.477382640264963,0.2016427440611564,-0.35402582086725803,-0.024892367409532018,-0.11091785188649422,-0.3618970485332508,-0.26368441618257565,0.6606485638823109,0.7500495472781181,0.4386974039483566,0.750049547278118,0.43869740394835655
612,2,JOINT,41,0.22437896257891715,0.022641570311710334,0.426116354846124,0.09557873005500504,0.8192274646668195,0.18077253533318055,0.32625359984654617,1.4785205559467027,0.1964075202138124,-0.3521311876882132,-0.02354408003900844,-0.10669738609750684,-0.36943231539931015,-0.2738535853443051,0.6669016996242642,0.7553684844810762,0.44638719368086405,0.7553684844810762,0.446387193680864
612,2,JOINT,42,0.22010788087421304,0.022556901320161717,0.4176588604282644,0.09298484314905603,0.8217474244170357,0.17825257558296426,0.32089140878026823,1.4793148868696673,0.19125304245634506,-0.34984253909303603,-0.02225606382323469,-0.10260083516095987,-0.3769838620711886,-0.2839990189221326,0.6797736058155944,0.7654907556047692,0.4540552661025747,0.7654907556047692,0.4540552661025747
612,2,JOINT,43,0.21584381329674449,0.02247541017627682,0.40921221641721217,0.090447737291355,0.8242413806542848,0.1757586193457152,0.3155964685378757,1.4800279492729005,0.18612293767633287,-0.34752805691020816,-0.02101432222546834,-0.09854921499220516,-0.3845417880876104,-0.2940940507962554,0.6999690749498455,0.7813497389733374,0.4616710829789265,0.7813497389733371,0.46167108297892656
612,2,JOINT,44,0.21161047874606617,0.022404214423432454,0.4008167430686999,0.08799801503180706,0.82666060015718,0.17333939984282,0.31046385098701124,1.4806110648632362,0.18106552056557884,-0.34527859229858504,-0.019829614917809317,-0.09456800579502543,-0.39206905521138447,-0.3040710401795774,0.7274432562613221,0.8033515727272694,0.4691547840064548,0.8033515727272694,0.4691547840064548
612,2,JOINT,45,0.20743902387899693,0.022349896737437876,0.392528151020556,0.0856813899450791,0.8289162248866074,0.17108377511339257,0.30557293665565116,1.4805282669980593,0.17623064508686187,-0.34290955141862767,-0.01873364239672108,-0.0907661765329502,-0.39950612233960336,-0.31382473239452424,0.7610597406195484,0.8309519554098337,0.4763792343551638,0.8309519554098337,0.4763792343551638
612,2,JOINT,46,0.203343799457817,0.0223221639790101,0.3843654349366239,0.083547134301584,0.8308904619035391,0.1691095380964609,0.3010088427912492,1.4789548788265834,0.17177567711273162,-0.3401803904785548,-0.017756181229917026,-0.08724192490759025,-0.4068055852100317,-0.3232584509084477,0.7987164502795195,0.8626748223708648,0.4832239565027735,0.8626748223708648,0.48322395650277356
612,2,JOINT,47,0.1993228437893463,0.022341727367414733,0.3763039602112779,0.08166609768367869,0.8323991521930741,0.16760084780692586,0.2969990389431323,1.4750626351438125,0.16798277012606896,-0.3369594758421469,-0.01694992779899093,-0.0841827813774986,-0.41396061164210884,-0.3322945139584301,0.837501936206163,0.8964316092174422,0.48963124750237486,0.8964316092174422,0.48963124750237486
612,2,JOINT,48,0.19538157962114797,0.022422221183543298,0.3683409380587526,0.0801333586855311,0.8331656117850161,0.16683438821498398,0.2937782690523797,1.467119302459166,0.16493106605700664,-0.3331584007172595,-0.016324639523000235,-0.0815247289295288,-0.42068539424089463,-0.3405520355553635,0.8710662594604042,0.9258890764001249,0.49505294777763864,0.925889076400125,0.49505294777763864
612,2,JOINT,49,0.19142619507424194,0.022570059082081137,0.36028233106640273,0.0790001076295973,0.8329049512594083,0.16709504874059167,0.29151728893900164,1.4531022622457286,0.16184921719506878,-0.32949520949121724,-0.015725185128895966,-0.07838403742089184,-0.4269439217028479,-0.3479438140732506,0.8898430601565502,0.9399868626456807,0.4994796608783721,0.9399868626456807,0.4994796608783721
612,2,JOINT,50,0.18745365072773024,0.022778832443775897,0.3521284690116846,0.07821637675589385,0.8316757082539326,0.16832429174606744,0.2901488684559998,1.4336003625445728,0.15891873144325677,-0.3257548575078159,-0.015183299784333066,-0.07501936571826982,-0.43309076652806533,-0.35487438977217145,0.8895964764289812,0.9354531454979209,0.5036516582453772,0.9354531454979209,0.5036516582453772
612,2,JOINT,51,0.18352084632896146,0.023030893925788175,0.34401079873213475,0.07771621170064992,0.8296300891239454,0.17036991087605458,0.28942793613107193,1.4093927924988385,0.1562660438990229,-0.3215359269116847,-0.014716845975076,-0.07166487424418627,-0.4392604393882289,-0.361544227687579,0.8720254937864215,0.9144476291301816,0.5079204339795512,0.9144476291301815,0.5079204339795512
612,2,JOINT,52,0.1796712856298611,0.023303276158992116,0.33603929510073005,0.07740364169646358,0.827009483203947,0.17299051679605298,0.28902527786325893,1.381732652781026,0.15396648401511773,-0.31650621893508984,-0.014332168301225814,-0.06851727666645822,-0.4455432964042146,-0.368139654707751,0.8429596145106566,0.883232128611239,0.5125420282588539,0.883232128611239,0.5125420282588539
612,2,JOINT,53,0.17594336534755603,0.023570203586814054,0.328316527108298,0.07717064889815248,0.8241145465121266,0.17588545348787352,0.2885634143352969,1.3520692168060386,0.15214236285351843,-0.31031177383910324,-0.014043738623846183,-0.06580219715625191,-0.4520190384467965,-0.37484838954864397,0.8083570456496262,0.8484725407654027,0.5177280848445301,0.8484725407654027,0.51772808484453
612,2,JOINT,54,0.17236988289993901,0.023804807668869755,0.32093495813100825,0.076926956151963,0.8212158934377065,0.1787841065622934,0.287662652349216,1.3213318935333411,0.15089153449343817,-0.3025600325508269,-0.013862527116026604,-0.06367527746055923,-0.45868264625494737,-0.3817556901029844,0.7692466916276055,0.8118214637723878,0.5234638395387109,0.8118214637723877,0.5234638395387108
612,2,JOINT,55,0.1689511175232681,0.023986260201548336,0.3139159748449879,0.07663547911942101,0.8184069577600158,0.18159304223998415,0.2860743242127545,1.2892851757106687,0.15018767688949455,-0.292943913247608,-0.013780636928600928,-0.062106835182743104,-0.4653672241090201,-0.38873174498959906,0.7245968921747655,0.7722175499910027,0.5293523860303224,0.7722175499910029,0.5293523860303224
612,2,JOINT,56,0.16560747625643604,0.02409975922738257,0.30711519328548953,0.07628532444977529,0.8156087656630121,0.1843912343369878,0.283663989711023,1.2547171092115392,0.1497268485566764,-0.28138529914648025,-0.013743187985780241,-0.06078957402536612,-0.4719528686414558,-0.3956675441916805,0.6768099672971127,0.7313575821889425,0.5350669345815634,0.7313575821889425,0.5350669345815634
612,2,JOINT,57,0.1622866688973654,0.02412264264349668,0.3004506951512341,0.07580115153501737,0.8129813154237259,0.1870186845762742,0.2802171031948158,1.218120369500493,0.1490452502602634,-0.2682847125456506,-0.013662359886811398,-0.05939108885156482,-0.47843183059975014,-0.40263067906473277,0.6325394933777464,0.6945142383633707,0.5405509043795982,0.6945142383633707,0.5405509043795982
612,2,JOINT,58,0.15901905822127252,0.02402745306668959,0.29401066337585546,0.07505228227894124,0.8110073987422344,0.1889926012577656,0.27550361317542027,1.182244527978862,0.1478565635111976,-0.2543975216886219,-0.013478029551422842,-0.05783708787500096,-0.48484004421185345,-0.4097877619329122,0.5989746981929314,0.6670315761583168,0.5458946664065841,0.6670315761583167,0.5458946664065841
612,2,JOINT,59,0.15584457803578963,0.02379292667206689,0.28789622939951237,0.07390405773235896,0.8102593547949428,0.18974064520505726,0.2693941169596708,1.1504077218531472,0.1459830378411953,-0.24060395453588754,-0.013150756736858144,-0.05615836109946947,-0.4912883232292903,-0.4173842654969313,0.5807959132423397,0.6517554475696289,0.5513512218113805,0.6517554475696289,0.5513512218113805
612,2,JOINT,60,0.15277829625111305,0.023416121611576995,0.28214047089064914,0.07229638922159617,0.8110720241592156,0.18892797584078427,0.2619750187084395,1.124664612307426,0.14332008352996428,-0.22761033021705893,-0.012662652471788216,-0.05436105016111065,-0.4978974598306366,-0.4256010706090404,0.5788560442803349,0.6485253687223334,0.5571704845960948,0.6485253687223334,0.5571704845960948
612,2,JOINT,61,0.1498334276836988,0.02292002820736981,0.2767468271600278,0.07029684920835187,0.813349807047685,0.18665019295231494,0.25364828061828293,1.1053017242342946,0.14004992797372076,-0.21575826051270028,-0.0120575317996568,-0.05254208960409519,-0.5046486251059372,-0.43435177589758533,0.5913649496902013,0.6559296116752317,0.5632863676309718,0.6559296116752317,0.5632863676309718
612,2,JOINT,62,0.14703339994673809,0.022357731946043374,0.27170906794743277,0.06808266078744318,0.8166244882636401,0.18337551173635994,0.245090898721797,1.0914610563405869,0.13670094493006849,-0.20511224152997307,-0.011441702161361488,-0.050953227527021805,-0.51135319606223,-0.44327053527478677,0.6150328076161984,0.6722650749433564,0.5692621307686359,0.6722650749433564,0.569262130768636
612,2,JOINT,63,0.14433343698999768,0.021807664573056253,0.2668592094069391,0.06593866545730448,0.819911354102403,0.180088645897597,0.23718084494375144,1.0798419121634264,0.13395629717301855,-0.19535428099987673,-0.010942822942091432,-0.049820713190629556,-0.517841188023442,-0.45190252256613755,0.6430726074725077,0.6931155683109144,0.5746712820534347,0.6931155683109144,0.5746712820534348
612,2,JOINT,64,0.14154710387985747,0.021333368397054814,0.26176083936266015,0.0642977547548608,0.8213000112455855,0.17869998875441442,0.23048876240710742,1.059319726186956,0.13143969990525295,-0.18530447614913273,-0.0105177124525918,-0.048339104080542844,-0.5241926996039652,-0.4598949448491044,0.6626433374404453,0.7074249781825893,0.5795834164464809,0.7074249781825893,0.5795834164464809
612,2,JOINT,65,0.13870823898571102,0.020926789441479243,0.2564896885299428,0.06314146468369683,0.820792342913201,0.1792076570867989,0.22479656226648903,1.029594940422535,0.1294006837670111,-0.17453092383931618,-0.010200227319335963,-0.04671825197530435,-0.5304642425591869,-0.46732277787549004,0.6669844763799458,0.70888405454861,0.58419307835014,0.70888405454861,0.58419307835014
612,2,JOINT,66,0.1359902769874183,0.020540726064071826,0.2514398279107648,0.06214278748366671,0.8198257979919867,0.18017420200801323,0.21953579912050356,0.9989283132430395,0.1282426160008369,-0.16363061108247456,-0.010030282408177436,-0.04563963202125536,-0.5366736204026257,-0.474530832918959,0.6596094905059761,0.7007526907599055,0.5887094429316101,0.7007526907599055,0.5887094429316101
612,2,JOINT,67,0.1334118081064044,0.02015821907008692,0.24666539714272187,0.06123389835398921,0.8186561696039036,0.1813438303960963,0.21441885738327668,0.9679696303581423,0.12739906221858108,-0.1528873530732378,-0.009912904621501125,-0.04475068442836666,-0.5429880925854451,-0.48175419423145593,0.6438694804648393,0.6859562040092395,0.593555188952546,0.6859562040092395,0.593555188952546
612,2,JOINT,68,0.13096405394236063,0.019795727139258267,0.242132380745463,0.06048235875534253,0.8170043897118867,0.18299561028811323,0.2096925294433564,0.9361957741788496,0.12679513073802073,-0.14254696698521718,-0.00983899559250916,-0.04392729736401791,-0.5493325300154895,-0.488850171260147,0.6225048072973576,0.6667045652367952,0.5985404356174043,0.6667045652367952,0.5985404356174043
612,2,JOINT,69,0.12863572617666588,0.019452641772667246,0.2378188105806645,0.05993239717892193,0.8146244190333013,0.18537558096669868,0.20545271076815622,0.9028524376055351,0.1263491580416403,-0.1326362069916129,-0.009798447827512761,-0.04305882591056916,-0.5554744199046088,-0.4955420227256868,0.5976205700685622,0.6441592565677099,0.6030782236542612,0.6441592565677099,0.6030782236542612
612,2,JOINT,70,0.12640888444524284,0.019116697981563985,0.23370107090892173,0.059535718585380724,0.8116404281802031,0.18835957181979698,0.20157541481043662,0.8685874277940433,0.12587203979415276,-0.12326828483116399,-0.00976033835418009,-0.04205724787137037,-0.5614024898020706,-0.5018667712166899,0.5710633659407809,0.6192929346282545,0.6070485678498432,0.6192929346282545,0.6070485678498432
612,2,JOINT,71,0.1242672062430557,0.018782062755347995,0.22975234973076342,0.059219955408728694,0.8083242278658275,0.1916757721341725,0.19808416187212316,0.8353493267039125,0.12539117025289379,-0.11472939704602962,-0.009725642901303722,-0.041014431303253544,-0.56726780178095,-0.5080478463722213,0.5467316599437727,0.59570820946377,0.610697842150434,0.5957082094637699,0.610697842150434
612,2,JOINT,72,0.12220001019437614,0.01844729095944972,0.22595272942930256,0.058935012511103266,0.8048835642563857,0.19511643574361429,0.19504393094824224,0.8045844714715963,0.12503912600726835,-0.10715160387991933,-0.009712450177254,-0.04006526403856068,-0.5731653528243745,-0.5142303403132713,0.5278716170635188,0.5768728512759955,0.614189247262217,0.5768728512759954,0.614189247262217
612,2,JOINT,73,0.12021173971203118,0.018112322579154,0.22231115684490838,0.05869229038080106,0.8012722846946604,0.1987277153053396,0.19247979627266465,0.7760806079815926,0.12495620337034809,-0.10035150895297298,-0.009743287680717555,-0.03928504068177214,-0.5790196127451396,-0.5203273223643385,0.5157799793323187,0.5646408590536384,0.6173632095385211,0.5646408590536384,0.6173632095385212
612,2,JOINT,74,0.11832641615401958,0.017788791412442467,0.2188640408955967,0.05853239502754716,0.7973713636072444,0.2026286363927557,0.19013051054059896,0.7481895311146606,0.12485758345658125,-0.09401020301715465,-0.009775505403211295,-0.03846794911159582,-0.5846844410689784,-0.5261520460414313,0.5090225641505243,0.5578414393252736,0.6199614944838585,0.5578414393252735,0.6199614944838585
612,2,JOINT,75,0.11658434582927722,0.017533234706655777,0.21563545695189867,0.05867972980483227,0.7922966505280354,0.20770334947196464,0.1883350936647405,0.7184152988712335,0.12471271535104624,-0.08804646476083754,-0.009815301730649392,-0.03744104611160935,-0.5902387263953912,-0.5315589965905589,0.4955769511271374,0.5446660570125358,0.6222974400144359,0.5446660570125358,0.6222974400144359
612,2,JOINT,76,0.11498143833574104,0.01732923530847974,0.21263364136300233,0.059144608579701496,0.785896416184547,0.21410358381545305,0.18665684328501841,0.6851494102987964,0.12398635747816339,-0.08220756667153528,-0.009780307254317003,-0.03589995217911294,-0.5958805044344079,-0.5367358958547064,0.4608728329405886,0.5100626247827996,0.624936946115237,0.5100626247827997,0.624936946115237
612,2,JOINT,77,0.11351526697820415,0.017160355576097464,0.20987017838031083,0.05982201911803598,0.7786222678162009,0.22137773218379905,0.18496975548670136,0.6505693642885887,0.12264787577522868,-0.07670122577648315,-0.00965969126105626,-0.03397473920205958,-0.6014716715941196,-0.5416496524760837,0.4163125752783987,0.464621342617904,0.6274995876037899,0.46462134261790405,0.6274995876037899
612,2,JOINT,78,0.11214627259182147,0.017008214334743456,0.2072843308488995,0.060474878503924384,0.7715600624740147,0.2284399375259854,0.18347908721823192,0.6197039691479995,0.12119230286310317,-0.07203705455430857,-0.009518101692670738,-0.032147562357811,-0.606854446510505,-0.5463795680065806,0.3889608936036684,0.43492346419319766,0.6293949007981198,0.43492346419319766,0.6293949007981198
612,2,JOINT,79,0.11081839919534021,0.016860695721178248,0.2047761026695022,0.06093597395418625,0.7654514925158397,0.23454850748416037,0.18236763784240942,0.5951586819732269,0.12006135399694419,-0.06839317586309418,-0.009415834226282642,-0.030728672883482334,-0.61215687456842,-0.5512209006142338,0.3850539719060579,0.42843193325486306,0.630752889422746,0.42843193325486306,0.630752889422746
612,2,JOINT,80,0.10954406498229599,0.016720394928244387,0.20236773503634758,0.06137112387490236,0.7594862984804541,0.24051370151954596,0.1814519407208173,0.5729830023797992,0.11914050584222655,-0.06511546982834206,-0.009344776963548428,-0.029508630989964754,-0.6174870772835526,-0.5561159534086502,0.3806251808545377,0.4229630565270031,0.6318790851867219,0.4229630565270031,0.6318790851867219
612,2,JOINT,81,0.10837782348359404,0.01660410144234808,0.20015154552484,0.062067620252368866,0.7523064456861188,0.2476935543138812,0.1803886077514808,0.5478847147060325,0.11797392250718416,-0.061487153022426654,-0.009250117735624168,-0.028094890136087635,-0.6228670861951531,-0.5607994659427842,0.34548288559619156,0.38944155235393835,0.6329717185482863,0.38944155235393835,0.6329717185482863
612,2,JOINT,82,0.10728602721809441,0.016504498025975582,0.19806755641021323,0.06267852525254046,0.7456860022216202,0.25431399777837993,0.17905348130036264,0.5250111115436282,0.11639714131184639,-0.05828367500263848,-0.009084450066921965,-0.026636942173699177,-0.6281174813874633,-0.5654389561349228,0.32616370521932,0.371390776585,0.6335755981382071,0.371390776585,0.6335755981382071
612,2,JOINT,83,0.10621243738983208,0.01641413650758184,0.19601073827208232,0.06295859513023647,0.7408388679665168,0.2591611320334833,0.17748596228533833,0.5073619579745847,0.11416157719690885,-0.05610927687668733,-0.008796019128868666,-0.025144329332536543,-0.6333661090352756,-0.5704075139050391,0.32623700121414495,0.36914935106460883,0.6340295161595934,0.36914935106460883,0.6340295161595934
612,2,JOINT,84,0.10522668533971137,0.016334050325687768,0.19411932035373497,0.06328854264044897,0.735892111267971,0.2641078887320289,0.17563371358265398,0.4893737363116457,0.11131262384687102,-0.05407456294306985,-0.008418693472828292,-0.023457270222334667,-0.6385136004966647,-0.5752250578562157,0.334624583501952,0.37191726484954785,0.6342553075189922,0.3719172648495479,0.6342553075189921
612,2,JOINT,85,0.10441478819366187,0.01627791184921278,0.19255166453811096,0.06429537267212779,0.7275972168831055,0.27240278311689436,0.17324548631678122,0.4627446615608105,0.10829896026138118,-0.05058039674955554,-0.008059860951598807,-0.021528166231442606,-0.6436181853877293,-0.5793228127156015,0.282407258833715,0.31952595877637097,0.6343641071002,0.31952595877637097,0.6343641071002
612,2,JOINT,86,0.1034336850489823,0.016221103069458915,0.19064626702850568,0.0642024886353861,0.7249170677162572,0.27508293228374275,0.17205232435007153,0.453403871429472,0.10648163485175496,-0.04957980559924166,-0.007820438409887505,-0.020608945939632486,-0.6488377255973778,-0.5846352369619917,0.303361681625627,0.3347083295936301,0.6345276111715193,0.3347083295936301,0.6345276111715193
612,2,JOINT,87,0.10251979633545909,0.016174040694474676,0.1888655519764435,0.06410736300992266,0.7224338245718229,0.2775661754281771,0.17056611703507094,0.44394001568068053,0.10485867389111626,-0.04830449199122925,-0.007609929876082605,-0.019806702803830324,-0.653908922124621,-0.5898015591146983,0.3595945126286935,0.3862286673763305,0.6341548963742741,0.3862286673763305,0.6341548963742741
612,2,JOINT,88,0.10185543879221064,0.01614900960995055,0.18756186797447072,0.0639606194953466,0.7210733760490614,0.2789266239509387,0.16793895444991896,0.43415112956966284,0.10594744559368542,-0.04500591715167357,-0.007783438967980423,-0.020121530653526485,-0.6592304368054316,-0.595269817310085,0.3048369864651994,0.34761553756629954,0.6341129531438922,0.3476155375662994,0.6341129531438922
612,2,JOINT,89,0.10070382856600721,0.016130940524400506,0.1852767166076139,0.06363863826828314,0.7191316340024322,0.2808683659975678,0.16602103719692196,0.42507805866337733,0.1007508276609252,-0.045444009838481264,-0.007057629503701626,-0.01807026084676506,-0.6654042827174086,-0.6017656444491255,0.29369549308089793,0.32221452068513595,0.6360601988254033,0.3222145206851359,0.6360601988254033
612,2,JOINT,90,0.09936615079214904,0.0161134053419373,0.18261889624236077,0.06046262678017381,0.7336470935678691,0.2663529064321309,0.1645773044321256,0.453314599345772,0.10234775176576304,-0.0478023830311111,-0.0071390334558295455,-0.019663878333115524,-0.6713322509299406,-0.6108696241497669,0.6562238894120708,0.687397300778907,0.6372818527003845,0.6873973007789068,0.6372818527003845
612,2,JOINT,91,0.09824231201210606,0.01614884075631873,0.1803357832678934,0.05418513570303027,0.7683354451647085,0.23166455483529147,0.16170434163560785,0.5363063736875721,0.12055936842674782,-0.045894752540371064,-0.009458473774004099,-0.03136984275775393,-0.6791868390905369,-0.6250017033875066,0.4222131633405558,0.47777701428510866,0.6425060255403332,0.47777701428510855,0.6425060255403332
612,2,JOINT,92,0.09591747063140847,0.016170367046647406,0.17566457421616954,0.054221020792219646,0.7614292429747671,0.23857075702523298,0.16006389731939,0.5108645069630363,0.11264742122844114,-0.046843604681937254,-0.00833264655021817,-0.026594712754496826,-0.6881085313232145,-0.6338875105309948,0.43492856851297707,0.49019734015117816,0.6504657738914652,0.4901973401511783,0.6504657738914652
612,2,JOINT,93,0.09345072607528876,0.01617213578619909,0.17072931636437844,0.05293984154618345,0.7621093654630544,0.23789063453694553,0.15920134726204654,0.510019396009046,0.10621270581707148,-0.05008374800434271,-0.00740125983764115,-0.02371076713243151,-0.6975064097706298,-0.6445665682244464,0.42817536133143164,0.46853285741642814,0.6602107828829755,0.4685328574164282,0.6602107828829755
612,2,JOINT,94,0.09204731212256212,0.01617815738830753,0.16791646685681672,0.051593739594115964,0.7666009175279604,0.23339908247203953,0.15830158785527726,0.5199426716277963,0.10498844085162082,-0.05150535467657105,-0.007189250926021918,-0.02361314490980218,-0.7037821357318248,-0.6521883961377088,0.5454493157316871,0.5762067355227048,0.6624001488730314,0.576206735522705,0.6624001488730314
612,2,JOINT,95,0.09099700396727549,0.016194270344697594,0.1657997375898534,0.05073941276119742,0.7690917113350455,0.23090828866495447,0.1564562248268767,0.5211124572306698,0.10319334156165545,-0.05154962586077489,-0.0069230142424597275,-0.023058647665333224,-0.7101261725338174,-0.65938675977262,0.5597601534999784,0.5869205568882062,0.6641888660465669,0.5869205568882062,0.6641888660465669
612,2,JOINT,96,0.09009868904154544,0.016226324205609058,0.16397105387748184,0.0501078224349262,0.770675418984049,0.22932458101595088,0.15428854188332958,0.5185069395247358,0.10151034247015679,-0.050847671661993825,-0.006685272018920971,-0.02246673597474444,-0.7166650370099175,-0.6665572145749913,0.5036559982390607,0.5312969019120852,0.665662030699499,0.5312969019120852,0.665662030699499
612,2,JOINT,97,0.08923405931447367,0.016276346113847977,0.16219177251509936,0.04947005348054562,0.7725140638974073,0.2274859361025927,0.1529827487962312,0.5195104673436812,0.10160103817687016,-0.05010604450147908,-0.006681283513816217,-0.02268881130735576,-0.7228091644471576,-0.673339110966612,0.48024648394300995,0.5156313312412879,0.6656751312899541,0.5156313312412879,0.6656751312899541
612,2,JOINT,98,0.08831442315704582,0.01633720999621375,0.1602916363178779,0.04884861553494178,0.7741548740843733,0.22584512591562664,0.15284121500596035,0.5239111142121615,0.10303335106560779,-0.04971623798028623,-0.006856426141064236,-0.023502547129962782,-0.7288209046243574,-0.6799722890894156,0.5146266027701966,0.5591985310992736,0.6654873659333786,0.5591985310992736,0.6654873659333786
612,2,JOINT,99,0.08726667529420115,0.016403027367950088,0.15813032322045223,0.04882997079107822,0.7712018476887094,0.22879815231129058,0.15319209963939,0.5163591973962827,0.10292371006626089,-0.0490842503794467,-0.00686803988187516,-0.023149859355924923,-0.7350998022459164,-0.6862698314548382,0.5684856516541772,0.6131125153000707,0.6661594383773171,0.6131125153000708,0.6661594383773172
612,2,JOINT,100,0.08626132732364855,0.016469496455003563,0.15605315819229354,0.049265756309566366,0.7650422732404846,0.2349577267595154,0.15332951571413247,0.4992538993061734,0.10172086700127701,-0.04776875776634473,-0.006762459504142298,-0.0220191413285208,-0.7415565455531972,-0.6922907892436307,0.6013749923082857,0.6414621599793926,0.6672018483360456,0.6414621599793925,0.6672018483360457
